ToolName,ModelName,Strength,Score,ErrorType
pmedici,BOOLC_31,2,0,Invalid
cagen,BOOLC_31,2,1,
appts,BOOLC_31,2,2,
iposolver,BOOLC_31,2,0,Invalid
pmedici,UNIFORM_BOOLEAN_5,2,1,
cagen,UNIFORM_BOOLEAN_5,2,2,
iposolver,UNIFORM_BOOLEAN_5,2,3,
appts,UNIFORM_BOOLEAN_5,2,4,
pmedici,UNIFORM_ALL_18,2,1,
iposolver,UNIFORM_ALL_18,2,2,
cagen,UNIFORM_ALL_18,2,3,
appts,UNIFORM_ALL_18,2,4,
pmedici,UNIFORM_BOOLEAN_2,2,1,
iposolver,UNIFORM_BOOLEAN_2,2,2,
cagen,UNIFORM_BOOLEAN_2,2,3,
appts,UNIFORM_BOOLEAN_2,2,4,
pmedici,UNIFORM_BOOLEAN_43,2,1,
iposolver,UNIFORM_BOOLEAN_43,2,2,
cagen,UNIFORM_BOOLEAN_43,2,3,
appts,UNIFORM_BOOLEAN_43,2,4,
pmedici,MCAC_39,2,0,Invalid
cagen,MCAC_39,2,1,
appts,MCAC_39,2,2,
iposolver,MCAC_39,2,0,Invalid
pmedici,UNIFORM_BOOLEAN_16,2,1,
iposolver,UNIFORM_BOOLEAN_16,2,2,
cagen,UNIFORM_BOOLEAN_16,2,3,
appts,UNIFORM_BOOLEAN_16,2,4,
pmedici,UNIFORM_BOOLEAN_12,2,1,
cagen,UNIFORM_BOOLEAN_12,2,2,
iposolver,UNIFORM_BOOLEAN_12,2,3,
appts,UNIFORM_BOOLEAN_12,2,4,
pmedici,MCA_32,2,1,
iposolver,MCA_32,2,2,
cagen,MCA_32,2,3,
appts,MCA_32,2,4,
pmedici,UNIFORM_BOOLEAN_47,2,1,
iposolver,UNIFORM_BOOLEAN_47,2,2,
cagen,UNIFORM_BOOLEAN_47,2,3,
appts,UNIFORM_BOOLEAN_47,2,4,
pmedici,BOOLC_35,2,0,Invalid
cagen,BOOLC_35,2,1,
appts,BOOLC_35,2,2,
iposolver,BOOLC_35,2,0,Invalid
pmedici,UNIFORM_ALL_31,2,1,
cagen,UNIFORM_ALL_31,2,2,
iposolver,UNIFORM_ALL_31,2,3,
appts,UNIFORM_ALL_31,2,4,
pmedici,UNIFORM_ALL_48,2,1,
iposolver,UNIFORM_ALL_48,2,2,
cagen,UNIFORM_ALL_48,2,3,
appts,UNIFORM_ALL_48,2,4,
pmedici,MCAC_19,2,0,Invalid
cagen,MCAC_19,2,1,
appts,MCAC_19,2,2,
iposolver,MCAC_19,2,0,Invalid
pmedici,MCA_43,2,1,
iposolver,MCA_43,2,2,
cagen,MCA_43,2,3,
appts,MCA_43,2,4,
pmedici,MCAC_14,2,0,Invalid
cagen,MCAC_14,2,1,
appts,MCAC_14,2,2,
iposolver,MCAC_14,2,0,Invalid
pmedici,UNIFORM_BOOLEAN_33,2,1,
iposolver,UNIFORM_BOOLEAN_33,2,2,
cagen,UNIFORM_BOOLEAN_33,2,3,
appts,UNIFORM_BOOLEAN_33,2,4,
pmedici,MCAC_41,2,0,Invalid
cagen,MCAC_41,2,1,
appts,MCAC_41,2,2,
iposolver,MCAC_41,2,0,Invalid
cagen,MCAC_6,2,1,
appts,MCAC_6,2,2,
pmedici,MCAC_6,2,0,Timeout
iposolver,MCAC_6,2,0,Invalid
pmedici,MCA_21,2,1,
iposolver,MCA_21,2,2,
cagen,MCA_21,2,3,
appts,MCA_21,2,4,
pmedici,MCA_9,2,1,
iposolver,MCA_9,2,2,
cagen,MCA_9,2,3,
appts,MCA_9,2,4,
pmedici,BOOLC_13,2,0,Invalid
cagen,BOOLC_13,2,1,
appts,BOOLC_13,2,2,
iposolver,BOOLC_13,2,0,Invalid
pmedici,BOOLC_46,2,0,Invalid
cagen,BOOLC_46,2,1,
appts,BOOLC_46,2,0,Invalid
iposolver,BOOLC_46,2,0,Invalid
pmedici,UNIFORM_BOOLEAN_19,2,1,
cagen,UNIFORM_BOOLEAN_19,2,2,
iposolver,UNIFORM_BOOLEAN_19,2,3,
appts,UNIFORM_BOOLEAN_19,2,4,
pmedici,MCAC_34,2,1,
appts,MCAC_34,2,2,
cagen,MCAC_34,2,0,Timeout
iposolver,MCAC_34,2,0,Invalid
pmedici,UNIFORM_ALL_3,2,1,
iposolver,UNIFORM_ALL_3,2,2,
cagen,UNIFORM_ALL_3,2,3,
appts,UNIFORM_ALL_3,2,4,
pmedici,BOOLC_2,2,0,Invalid
cagen,BOOLC_2,2,1,
appts,BOOLC_2,2,2,
iposolver,BOOLC_2,2,0,Invalid
pmedici,UNIFORM_ALL_49,2,1,
cagen,UNIFORM_ALL_49,2,2,
iposolver,UNIFORM_ALL_49,2,3,
appts,UNIFORM_ALL_49,2,4,
pmedici,BOOLC_18,2,0,Invalid
cagen,BOOLC_18,2,1,
appts,BOOLC_18,2,2,
iposolver,BOOLC_18,2,0,Invalid
pmedici,UNIFORM_BOOLEAN_6,2,1,
cagen,UNIFORM_BOOLEAN_6,2,2,
iposolver,UNIFORM_BOOLEAN_6,2,3,
appts,UNIFORM_BOOLEAN_6,2,4,
pmedici,BOOLC_17,2,0,Invalid
cagen,BOOLC_17,2,1,
appts,BOOLC_17,2,2,
iposolver,BOOLC_17,2,0,Invalid
pmedici,UNIFORM_ALL_43,2,1,
iposolver,UNIFORM_ALL_43,2,2,
cagen,UNIFORM_ALL_43,2,3,
appts,UNIFORM_ALL_43,2,4,
pmedici,BOOLC_42,2,0,Invalid
cagen,BOOLC_42,2,1,
appts,BOOLC_42,2,2,
iposolver,BOOLC_42,2,0,Invalid
pmedici,UNIFORM_ALL_16,2,1,
cagen,UNIFORM_ALL_16,2,2,
iposolver,UNIFORM_ALL_16,2,3,
appts,UNIFORM_ALL_16,2,4,
pmedici,MCAC_10,2,0,Invalid
cagen,MCAC_10,2,1,
appts,MCAC_10,2,2,
iposolver,MCAC_10,2,0,Invalid
pmedici,UNIFORM_BOOLEAN_37,2,1,
cagen,UNIFORM_BOOLEAN_37,2,2,
iposolver,UNIFORM_BOOLEAN_37,2,3,
appts,UNIFORM_BOOLEAN_37,2,4,
pmedici,MCAC_45,2,0,Invalid
cagen,MCAC_45,2,1,
appts,MCAC_45,2,2,
iposolver,MCAC_45,2,0,Invalid
pmedici,BOOLC_24,2,0,Invalid
cagen,BOOLC_24,2,1,
appts,BOOLC_24,2,2,
iposolver,BOOLC_24,2,0,Invalid
pmedici,MCA_25,2,1,
cagen,MCA_25,2,2,
iposolver,MCA_25,2,3,
appts,MCA_25,2,4,
pmedici,UNIFORM_ALL_34,2,1,
cagen,UNIFORM_ALL_34,2,2,
iposolver,UNIFORM_ALL_34,2,3,
appts,UNIFORM_ALL_34,2,4,
pmedici,MCA_19,2,1,
iposolver,MCA_19,2,2,
cagen,MCA_19,2,3,
appts,MCA_19,2,4,
pmedici,UNIFORM_BOOLEAN_21,2,1,
cagen,UNIFORM_BOOLEAN_21,2,2,
iposolver,UNIFORM_BOOLEAN_21,2,3,
appts,UNIFORM_BOOLEAN_21,2,4,
pmedici,UNIFORM_BOOLEAN_30,2,1,
cagen,UNIFORM_BOOLEAN_30,2,2,
iposolver,UNIFORM_BOOLEAN_30,2,3,
appts,UNIFORM_BOOLEAN_30,2,4,
pmedici,MCA_12,2,1,
iposolver,MCA_12,2,2,
cagen,MCA_12,2,3,
appts,MCA_12,2,4,
pmedici,MCA_47,2,1,
iposolver,MCA_47,2,2,
cagen,MCA_47,2,3,
appts,MCA_47,2,4,
pmedici,MCAC_48,2,0,Invalid
cagen,MCAC_48,2,1,
appts,MCAC_48,2,2,
iposolver,MCAC_48,2,0,Invalid
pmedici,UNIFORM_ALL_35,2,1,
iposolver,UNIFORM_ALL_35,2,2,
cagen,UNIFORM_ALL_35,2,3,
appts,UNIFORM_ALL_35,2,4,
pmedici,UNIFORM_BOOLEAN_44,2,1,
iposolver,UNIFORM_BOOLEAN_44,2,2,
cagen,UNIFORM_BOOLEAN_44,2,3,
appts,UNIFORM_BOOLEAN_44,2,4,
pmedici,UNIFORM_BOOLEAN_11,2,1,
cagen,UNIFORM_BOOLEAN_11,2,2,
iposolver,UNIFORM_BOOLEAN_11,2,3,
appts,UNIFORM_BOOLEAN_11,2,4,
pmedici,MCA_38,2,1,
iposolver,MCA_38,2,2,
cagen,MCA_38,2,3,
appts,MCA_38,2,4,
pmedici,BOOLC_8,2,0,Invalid
cagen,BOOLC_8,2,1,
appts,BOOLC_8,2,2,
iposolver,BOOLC_8,2,0,Invalid
pmedici,BOOLC_36,2,0,Invalid
cagen,BOOLC_36,2,1,
appts,BOOLC_36,2,2,
iposolver,BOOLC_36,2,0,Invalid
pmedici,MCA_6,2,1,
iposolver,MCA_6,2,2,
cagen,MCA_6,2,3,
appts,MCA_6,2,4,
pmedici,UNIFORM_ALL_38,2,1,
iposolver,UNIFORM_ALL_38,2,2,
cagen,UNIFORM_ALL_38,2,3,
appts,UNIFORM_ALL_38,2,4,
pmedici,MCA_11,2,1,
cagen,MCA_11,2,2,
iposolver,MCA_11,2,3,
appts,MCA_11,2,4,
pmedici,MCA_44,2,1,
iposolver,MCA_44,2,2,
cagen,MCA_44,2,3,
appts,MCA_44,2,4,
pmedici,UNIFORM_BOOLEAN_15,2,1,
iposolver,UNIFORM_BOOLEAN_15,2,2,
cagen,UNIFORM_BOOLEAN_15,2,3,
appts,UNIFORM_BOOLEAN_15,2,4,
pmedici,UNIFORM_ALL_36,2,1,
iposolver,UNIFORM_ALL_36,2,2,
cagen,UNIFORM_ALL_36,2,3,
appts,UNIFORM_ALL_36,2,4,
pmedici,MCA_35,2,1,
iposolver,MCA_35,2,2,
cagen,MCA_35,2,3,
appts,MCA_35,2,4,
pmedici,BOOLC_32,2,0,Invalid
cagen,BOOLC_32,2,1,
appts,BOOLC_32,2,2,
iposolver,BOOLC_32,2,0,Invalid
pmedici,UNIFORM_BOOLEAN_40,2,1,
iposolver,UNIFORM_BOOLEAN_40,2,2,
cagen,UNIFORM_BOOLEAN_40,2,3,
appts,UNIFORM_BOOLEAN_40,2,4,
pmedici,BOOLC_14,2,0,Invalid
cagen,BOOLC_14,2,1,
appts,BOOLC_14,2,2,
iposolver,BOOLC_14,2,0,Invalid
pmedici,BOOLC_41,2,0,Invalid
cagen,BOOLC_41,2,1,
appts,BOOLC_41,2,2,
iposolver,BOOLC_41,2,0,Invalid
pmedici,UNIFORM_ALL_26,2,1,
iposolver,UNIFORM_ALL_26,2,2,
cagen,UNIFORM_ALL_26,2,3,
appts,UNIFORM_ALL_26,2,4,
pmedici,MCAC_13,2,0,Invalid
cagen,MCAC_13,2,1,
appts,MCAC_13,2,2,
iposolver,MCAC_13,2,0,Invalid
pmedici,MCA_26,2,1,
iposolver,MCA_26,2,2,
cagen,MCA_26,2,3,
appts,MCA_26,2,4,
cagen,MCAC_46,2,1,
appts,MCAC_46,2,2,
pmedici,MCAC_46,2,0,Timeout
iposolver,MCAC_46,2,0,Invalid
pmedici,UNIFORM_BOOLEAN_34,2,1,
iposolver,UNIFORM_BOOLEAN_34,2,2,
cagen,UNIFORM_BOOLEAN_34,2,3,
appts,UNIFORM_BOOLEAN_34,2,4,
pmedici,MCAC_1,2,1,
cagen,MCAC_1,2,2,
appts,MCAC_1,2,3,
iposolver,MCAC_1,2,0,Invalid
pmedici,BOOLC_5,2,1,
cagen,BOOLC_5,2,2,
appts,BOOLC_5,2,3,
iposolver,BOOLC_5,2,0,Invalid
pmedici,UNIFORM_ALL_4,2,1,
iposolver,UNIFORM_ALL_4,2,2,
cagen,UNIFORM_ALL_4,2,3,
appts,UNIFORM_ALL_4,2,4,
pmedici,MCA_18,2,1,
iposolver,MCA_18,2,2,
cagen,MCA_18,2,3,
appts,MCA_18,2,4,
appts,MCAC_33,2,1,
pmedici,MCAC_33,2,0,Timeout
cagen,MCAC_33,2,0,Timeout
iposolver,MCAC_33,2,0,Invalid
pmedici,UNIFORM_BOOLEAN_29,2,1,
iposolver,UNIFORM_BOOLEAN_29,2,2,
cagen,UNIFORM_BOOLEAN_29,2,3,
appts,UNIFORM_BOOLEAN_29,2,4,
pmedici,MCAC_17,2,0,Invalid
cagen,MCAC_17,2,1,
appts,MCAC_17,2,2,
iposolver,MCAC_17,2,0,Invalid
pmedici,MCA_22,2,1,
iposolver,MCA_22,2,2,
cagen,MCA_22,2,3,
appts,MCA_22,2,4,
pmedici,MCA_8,2,1,
iposolver,MCA_8,2,2,
cagen,MCA_8,2,3,
appts,MCA_8,2,4,
pmedici,MCAC_18,2,1,
cagen,MCAC_18,2,2,
appts,MCAC_18,2,3,
iposolver,MCAC_18,2,0,Invalid
pmedici,BOOLC_23,2,1,
cagen,BOOLC_23,2,2,
appts,BOOLC_23,2,3,
iposolver,BOOLC_23,2,0,Invalid
pmedici,MCAC_42,2,0,Invalid
appts,MCAC_42,2,1,
cagen,MCAC_42,2,0,Timeout
iposolver,MCAC_42,2,0,Invalid
pmedici,UNIFORM_ALL_44,2,1,
iposolver,UNIFORM_ALL_44,2,2,
cagen,UNIFORM_ALL_44,2,3,
appts,UNIFORM_ALL_44,2,4,
pmedici,BOOLC_10,2,0,Invalid
cagen,BOOLC_10,2,1,
appts,BOOLC_10,2,2,
iposolver,BOOLC_10,2,0,Invalid
pmedici,UNIFORM_ALL_11,2,1,
iposolver,UNIFORM_ALL_11,2,2,
cagen,UNIFORM_ALL_11,2,3,
appts,UNIFORM_ALL_11,2,4,
pmedici,BOOLC_45,2,0,Invalid
appts,BOOLC_45,2,1,
cagen,BOOLC_45,2,2,
iposolver,BOOLC_45,2,0,Invalid
pmedici,BOOLC_28,2,0,Invalid
cagen,BOOLC_28,2,1,
appts,BOOLC_28,2,2,
iposolver,BOOLC_28,2,0,Invalid
pmedici,UNIFORM_BOOLEAN_9,2,1,
iposolver,UNIFORM_BOOLEAN_9,2,2,
cagen,UNIFORM_BOOLEAN_9,2,3,
appts,UNIFORM_BOOLEAN_9,2,4,
pmedici,UNIFORM_ALL_33,2,1,
iposolver,UNIFORM_ALL_33,2,2,
cagen,UNIFORM_ALL_33,2,3,
appts,UNIFORM_ALL_33,2,4,
pmedici,MCA_49,2,1,
cagen,MCA_49,2,2,
iposolver,MCA_49,2,3,
appts,MCA_49,2,4,
pmedici,UNIFORM_BOOLEAN_26,2,1,
cagen,UNIFORM_BOOLEAN_26,2,2,
iposolver,UNIFORM_BOOLEAN_26,2,3,
appts,UNIFORM_BOOLEAN_26,2,4,
pmedici,UNIFORM_ALL_32,2,1,
iposolver,UNIFORM_ALL_32,2,2,
cagen,UNIFORM_ALL_32,2,3,
appts,UNIFORM_ALL_32,2,4,
pmedici,MCA_15,2,1,
iposolver,MCA_15,2,2,
cagen,MCA_15,2,3,
appts,MCA_15,2,4,
pmedici,MCA_40,2,1,
iposolver,MCA_40,2,2,
cagen,MCA_40,2,3,
appts,MCA_40,2,4,
pmedici,UNIFORM_BOOLEAN_22,2,1,
cagen,UNIFORM_BOOLEAN_22,2,2,
iposolver,UNIFORM_BOOLEAN_22,2,3,
appts,UNIFORM_BOOLEAN_22,2,4,
pmedici,UNIFORM_ALL_46,2,1,
cagen,UNIFORM_ALL_46,2,2,
iposolver,UNIFORM_ALL_46,2,3,
appts,UNIFORM_ALL_46,2,4,
pmedici,UNIFORM_ALL_13,2,1,
iposolver,UNIFORM_ALL_13,2,2,
cagen,UNIFORM_ALL_13,2,3,
appts,UNIFORM_ALL_13,2,4,
pmedici,BOOLC_4,2,0,Invalid
cagen,BOOLC_4,2,1,
appts,BOOLC_4,2,0,Invalid
iposolver,BOOLC_4,2,0,Invalid
pmedici,UNIFORM_ALL_20,2,1,
iposolver,UNIFORM_ALL_20,2,2,
cagen,UNIFORM_ALL_20,2,3,
appts,UNIFORM_ALL_20,2,4,
pmedici,MCAC_9,2,0,Invalid
cagen,MCAC_9,2,1,
appts,MCAC_9,2,2,
iposolver,MCAC_9,2,0,Invalid
pmedici,MCAC_47,2,1,
cagen,MCAC_47,2,2,
appts,MCAC_47,2,3,
iposolver,MCAC_47,2,0,Invalid
pmedici,MCAC_12,2,0,Invalid
cagen,MCAC_12,2,1,
appts,MCAC_12,2,2,
iposolver,MCAC_12,2,0,Invalid
pmedici,MCA_0,2,1,
iposolver,MCA_0,2,2,
cagen,MCA_0,2,3,
appts,MCA_0,2,4,
pmedici,UNIFORM_ALL_19,2,1,
iposolver,UNIFORM_ALL_19,2,2,
cagen,UNIFORM_ALL_19,2,3,
appts,UNIFORM_ALL_19,2,4,
pmedici,MCA_2,2,1,
iposolver,MCA_2,2,2,
cagen,MCA_2,2,3,
appts,MCA_2,2,4,
pmedici,UNIFORM_BOOLEAN_1,2,1,
iposolver,UNIFORM_BOOLEAN_1,2,2,
cagen,UNIFORM_BOOLEAN_1,2,3,
appts,UNIFORM_BOOLEAN_1,2,4,
pmedici,UNIFORM_ALL_24,2,1,
iposolver,UNIFORM_ALL_24,2,2,
cagen,UNIFORM_ALL_24,2,3,
appts,UNIFORM_ALL_24,2,4,
pmedici,BOOLC_20,2,0,Invalid
cagen,BOOLC_20,2,1,
appts,BOOLC_20,2,2,
iposolver,BOOLC_20,2,0,Invalid
pmedici,BOOLC_6,2,0,Invalid
cagen,BOOLC_6,2,1,
appts,BOOLC_6,2,0,Invalid
iposolver,BOOLC_6,2,0,Invalid
pmedici,MCA_14,2,1,
iposolver,MCA_14,2,2,
cagen,MCA_14,2,3,
appts,MCA_14,2,4,
pmedici,UNIFORM_ALL_5,2,1,
iposolver,UNIFORM_ALL_5,2,2,
cagen,UNIFORM_ALL_5,2,3,
appts,UNIFORM_ALL_5,2,4,
pmedici,MCA_41,2,1,
iposolver,MCA_41,2,2,
cagen,MCA_41,2,3,
appts,MCA_41,2,4,
pmedici,BOOLC_49,2,0,Invalid
cagen,BOOLC_49,2,1,
appts,BOOLC_49,2,2,
iposolver,BOOLC_49,2,0,Invalid
pmedici,MCAC_27,2,1,
cagen,MCAC_27,2,2,
appts,MCAC_27,2,3,
iposolver,MCAC_27,2,0,Invalid
pmedici,MCA_4,2,1,
cagen,MCA_4,2,2,
iposolver,MCA_4,2,3,
appts,MCA_4,2,4,
pmedici,MCA_10,2,1,
iposolver,MCA_10,2,2,
cagen,MCA_10,2,3,
appts,MCA_10,2,4,
pmedici,MCA_45,2,1,
iposolver,MCA_45,2,2,
cagen,MCA_45,2,3,
appts,MCA_45,2,4,
pmedici,MCA_23,2,1,
iposolver,MCA_23,2,2,
cagen,MCA_23,2,3,
appts,MCA_23,2,4,
pmedici,MCAC_36,2,0,Invalid
cagen,MCAC_36,2,1,
appts,MCAC_36,2,2,
iposolver,MCAC_36,2,0,Invalid
pmedici,UNIFORM_ALL_30,2,1,
iposolver,UNIFORM_ALL_30,2,2,
cagen,UNIFORM_ALL_30,2,3,
appts,UNIFORM_ALL_30,2,4,
pmedici,UNIFORM_ALL_17,2,1,
iposolver,UNIFORM_ALL_17,2,2,
cagen,UNIFORM_ALL_17,2,3,
appts,UNIFORM_ALL_17,2,4,
pmedici,BOOLC_0,2,0,Invalid
cagen,BOOLC_0,2,1,
appts,BOOLC_0,2,2,
iposolver,BOOLC_0,2,0,Invalid
appts,MCAC_43,2,1,
pmedici,MCAC_43,2,0,Timeout
cagen,MCAC_43,2,0,Timeout
iposolver,MCAC_43,2,0,Invalid
pmedici,MCAC_16,2,0,Invalid
cagen,MCAC_16,2,1,
appts,MCAC_16,2,2,
iposolver,MCAC_16,2,0,Invalid
pmedici,UNIFORM_ALL_47,2,1,
iposolver,UNIFORM_ALL_47,2,2,
cagen,UNIFORM_ALL_47,2,3,
appts,UNIFORM_ALL_47,2,4,
pmedici,UNIFORM_BOOLEAN_48,2,1,
cagen,UNIFORM_BOOLEAN_48,2,2,
iposolver,UNIFORM_BOOLEAN_48,2,3,
appts,UNIFORM_BOOLEAN_48,2,4,
pmedici,UNIFORM_ALL_12,2,1,
cagen,UNIFORM_ALL_12,2,2,
iposolver,UNIFORM_ALL_12,2,3,
appts,UNIFORM_ALL_12,2,4,
pmedici,UNIFORM_ALL_27,2,1,
iposolver,UNIFORM_ALL_27,2,2,
cagen,UNIFORM_ALL_27,2,3,
appts,UNIFORM_ALL_27,2,4,
pmedici,UNIFORM_ALL_41,2,1,
iposolver,UNIFORM_ALL_41,2,2,
cagen,UNIFORM_ALL_41,2,3,
appts,UNIFORM_ALL_41,2,4,
pmedici,BOOLC_3,2,0,Invalid
cagen,BOOLC_3,2,1,
appts,BOOLC_3,2,0,Invalid
iposolver,BOOLC_3,2,0,Invalid
pmedici,UNIFORM_ALL_14,2,1,
iposolver,UNIFORM_ALL_14,2,2,
cagen,UNIFORM_ALL_14,2,3,
appts,UNIFORM_ALL_14,2,4,
pmedici,MCAC_40,2,1,
cagen,MCAC_40,2,2,
appts,MCAC_40,2,3,
iposolver,MCAC_40,2,0,Invalid
appts,MCAC_15,2,1,
pmedici,MCAC_15,2,0,Timeout
cagen,MCAC_15,2,0,Timeout
iposolver,MCAC_15,2,0,Invalid
pmedici,BOOLC_39,2,0,Invalid
cagen,BOOLC_39,2,1,
appts,BOOLC_39,2,2,
iposolver,BOOLC_39,2,0,Invalid
pmedici,MCA_29,2,1,
cagen,MCA_29,2,2,
iposolver,MCA_29,2,3,
appts,MCA_29,2,4,
pmedici,MCA_5,2,1,
iposolver,MCA_5,2,2,
cagen,MCA_5,2,3,
appts,MCA_5,2,4,
pmedici,UNIFORM_ALL_39,2,1,
iposolver,UNIFORM_ALL_39,2,2,
cagen,UNIFORM_ALL_39,2,3,
appts,UNIFORM_ALL_39,2,4,
pmedici,MCA_7,2,1,
iposolver,MCA_7,2,2,
cagen,MCA_7,2,3,
appts,MCA_7,2,4,
pmedici,MCA_13,2,1,
cagen,MCA_13,2,2,
iposolver,MCA_13,2,3,
appts,MCA_13,2,4,
pmedici,BOOLC_1,2,0,Invalid
cagen,BOOLC_1,2,1,
appts,BOOLC_1,2,2,
iposolver,BOOLC_1,2,0,Invalid
pmedici,MCA_46,2,1,
iposolver,MCA_46,2,2,
cagen,MCA_46,2,3,
appts,MCA_46,2,4,
pmedici,UNIFORM_ALL_2,2,1,
iposolver,UNIFORM_ALL_2,2,2,
cagen,UNIFORM_ALL_2,2,3,
appts,UNIFORM_ALL_2,2,4,
pmedici,BOOLC_27,2,0,Invalid
cagen,BOOLC_27,2,1,
appts,BOOLC_27,2,2,
iposolver,BOOLC_27,2,0,Invalid
pmedici,UNIFORM_ALL_23,2,1,
iposolver,UNIFORM_ALL_23,2,2,
cagen,UNIFORM_ALL_23,2,3,
appts,UNIFORM_ALL_23,2,4,
pmedici,MCA_37,2,1,
iposolver,MCA_37,2,2,
cagen,MCA_37,2,3,
appts,MCA_37,2,4,
pmedici,MCAC_49,2,0,Invalid
cagen,MCAC_49,2,1,
appts,MCAC_49,2,2,
iposolver,MCAC_49,2,0,Invalid
pmedici,MCA_3,2,1,
iposolver,MCA_3,2,2,
cagen,MCA_3,2,3,
appts,MCA_3,2,4,
pmedici,UNIFORM_ALL_29,2,1,
cagen,UNIFORM_ALL_29,2,2,
iposolver,UNIFORM_ALL_29,2,3,
appts,UNIFORM_ALL_29,2,4,
pmedici,MCA_1,2,1,
iposolver,MCA_1,2,2,
cagen,MCA_1,2,3,
appts,MCA_1,2,4,
pmedici,MCAC_20,2,0,Invalid
cagen,MCAC_20,2,1,
appts,MCAC_20,2,2,
iposolver,MCAC_20,2,0,Invalid
pmedici,MCA_24,2,1,
cagen,MCA_24,2,2,
iposolver,MCA_24,2,3,
appts,MCA_24,2,4,
pmedici,MCA_17,2,1,
iposolver,MCA_17,2,2,
cagen,MCA_17,2,3,
appts,MCA_17,2,4,
pmedici,MCA_42,2,1,
iposolver,MCA_42,2,2,
cagen,MCA_42,2,3,
appts,MCA_42,2,4,
pmedici,UNIFORM_ALL_45,2,1,
iposolver,UNIFORM_ALL_45,2,2,
cagen,UNIFORM_ALL_45,2,3,
appts,UNIFORM_ALL_45,2,4,
pmedici,UNIFORM_ALL_37,2,1,
iposolver,UNIFORM_ALL_37,2,2,
cagen,UNIFORM_ALL_37,2,3,
appts,UNIFORM_ALL_37,2,4,
pmedici,BOOLC_7,2,0,Invalid
cagen,BOOLC_7,2,1,
appts,BOOLC_7,2,2,
iposolver,BOOLC_7,2,0,Invalid
pmedici,UNIFORM_ALL_10,2,1,
iposolver,UNIFORM_ALL_10,2,2,
cagen,UNIFORM_ALL_10,2,3,
appts,UNIFORM_ALL_10,2,4,
appts,MCAC_31,2,1,
pmedici,MCAC_31,2,0,Timeout
cagen,MCAC_31,2,0,Timeout
iposolver,MCAC_31,2,0,Invalid
pmedici,UNIFORM_ALL_40,2,1,
iposolver,UNIFORM_ALL_40,2,2,
cagen,UNIFORM_ALL_40,2,3,
appts,UNIFORM_ALL_40,2,4,
pmedici,UNIFORM_ALL_15,2,1,
iposolver,UNIFORM_ALL_15,2,2,
cagen,UNIFORM_ALL_15,2,3,
appts,UNIFORM_ALL_15,2,4,
pmedici,MCAC_11,2,1,
cagen,MCAC_11,2,2,
appts,MCAC_11,2,3,
iposolver,MCAC_11,2,0,Invalid
pmedici,UNIFORM_BOOLEAN_25,2,1,
iposolver,UNIFORM_BOOLEAN_25,2,2,
cagen,UNIFORM_BOOLEAN_25,2,3,
appts,UNIFORM_BOOLEAN_25,2,4,
pmedici,MCA_33,2,1,
iposolver,MCA_33,2,2,
cagen,MCA_33,2,3,
appts,MCA_33,2,4,
pmedici,MCAC_26,2,0,Invalid
appts,MCAC_26,2,1,
cagen,MCAC_26,2,0,Timeout
iposolver,MCAC_26,2,0,Invalid
pmedici,MCA_20,2,1,
iposolver,MCA_20,2,2,
cagen,MCA_20,2,3,
appts,MCA_20,2,4,
pmedici,MCA_48,2,1,
iposolver,MCA_48,2,2,
cagen,MCA_48,2,3,
appts,MCA_48,2,4,
pmedici,MCA_34,2,1,
iposolver,MCA_34,2,2,
cagen,MCA_34,2,3,
appts,MCA_34,2,4,
pmedici,MCA_30,2,1,
iposolver,MCA_30,2,2,
cagen,MCA_30,2,3,
appts,MCA_30,2,4,
pmedici,UNIFORM_ALL_21,2,1,
iposolver,UNIFORM_ALL_21,2,2,
cagen,UNIFORM_ALL_21,2,3,
appts,UNIFORM_ALL_21,2,4,
pmedici,MCAC_21,2,0,Invalid
cagen,MCAC_21,2,1,
appts,MCAC_21,2,2,
iposolver,MCAC_21,2,0,Invalid
cagen,UNIFORM_BOOLEAN_38,2,1,
pmedici,UNIFORM_BOOLEAN_38,2,2,
iposolver,UNIFORM_BOOLEAN_38,2,3,
appts,UNIFORM_BOOLEAN_38,2,4,
pmedici,MCA_27,2,1,
iposolver,MCA_27,2,2,
cagen,MCA_27,2,3,
appts,MCA_27,2,4,
pmedici,MCA_16,2,1,
iposolver,MCA_16,2,2,
cagen,MCA_16,2,3,
appts,MCA_16,2,4,
pmedici,UNIFORM_ALL_8,2,1,
iposolver,UNIFORM_ALL_8,2,2,
cagen,UNIFORM_ALL_8,2,3,
appts,UNIFORM_ALL_8,2,4,
pmedici,BOOLC_9,2,0,Invalid
cagen,BOOLC_9,2,1,
appts,BOOLC_9,2,2,
iposolver,BOOLC_9,2,0,Invalid
pmedici,UNIFORM_ALL_22,2,1,
iposolver,UNIFORM_ALL_22,2,2,
cagen,UNIFORM_ALL_22,2,3,
appts,UNIFORM_ALL_22,2,4,
pmedici,MCAC_5,2,0,Invalid
cagen,MCAC_5,2,1,
appts,MCAC_5,2,2,
iposolver,MCAC_5,2,0,Invalid
pmedici,MCAC_24,2,0,Invalid
cagen,MCAC_24,2,1,
appts,MCAC_24,2,2,
iposolver,MCAC_24,2,0,Invalid
pmedici,MCAC_37,2,0,Invalid
cagen,MCAC_37,2,1,
appts,MCAC_37,2,2,
iposolver,MCAC_37,2,0,Invalid
pmedici,UNIFORM_ALL_6,2,1,
iposolver,UNIFORM_ALL_6,2,2,
cagen,UNIFORM_ALL_6,2,3,
appts,UNIFORM_ALL_6,2,4,
cagen,MCAC_35,2,1,
appts,MCAC_35,2,2,
pmedici,MCAC_35,2,0,Timeout
iposolver,MCAC_35,2,0,Invalid
pmedici,MCAC_29,2,0,Invalid
appts,MCAC_29,2,1,
cagen,MCAC_29,2,0,Timeout
iposolver,MCAC_29,2,0,Invalid
pmedici,UNIFORM_ALL_9,2,1,
cagen,UNIFORM_ALL_9,2,2,
iposolver,UNIFORM_ALL_9,2,3,
appts,UNIFORM_ALL_9,2,4,
pmedici,UNIFORM_ALL_28,2,1,
iposolver,UNIFORM_ALL_28,2,2,
cagen,UNIFORM_ALL_28,2,3,
appts,UNIFORM_ALL_28,2,4,
pmedici,MCAC_23,2,1,
cagen,MCAC_23,2,2,
appts,MCAC_23,2,3,
iposolver,MCAC_23,2,0,Invalid
pmedici,UNIFORM_ALL_25,2,1,
iposolver,UNIFORM_ALL_25,2,2,
cagen,UNIFORM_ALL_25,2,3,
appts,UNIFORM_ALL_25,2,4,
pmedici,MCAC_2,2,0,Invalid
cagen,MCAC_2,2,1,
appts,MCAC_2,2,2,
iposolver,MCAC_2,2,0,Invalid
pmedici,MCA_28,2,1,
iposolver,MCA_28,2,2,
cagen,MCA_28,2,3,
appts,MCA_28,2,4,
pmedici,MCAC_30,2,0,Invalid
cagen,MCAC_30,2,1,
appts,MCAC_30,2,2,
iposolver,MCAC_30,2,0,Invalid
pmedici,MCAC_32,2,1,
appts,MCAC_32,2,2,
cagen,MCAC_32,2,0,Timeout
iposolver,MCAC_32,2,0,Invalid
pmedici,UNIFORM_ALL_1,2,1,
iposolver,UNIFORM_ALL_1,2,2,
cagen,UNIFORM_ALL_1,2,3,
appts,UNIFORM_ALL_1,2,4,
pmedici,MCA_36,2,1,
iposolver,MCA_36,2,2,
cagen,MCA_36,2,3,
appts,MCA_36,2,4,
pmedici,UNIFORM_BOOLEAN_18,2,1,
cagen,UNIFORM_BOOLEAN_18,2,2,
iposolver,UNIFORM_BOOLEAN_18,2,3,
appts,UNIFORM_BOOLEAN_18,2,4,
cagen,MCAC_8,2,1,
appts,MCAC_8,2,2,
pmedici,MCAC_8,2,0,Timeout
iposolver,MCAC_8,2,0,Invalid
pmedici,UNIFORM_ALL_42,2,1,
iposolver,UNIFORM_ALL_42,2,2,
cagen,UNIFORM_ALL_42,2,3,
appts,UNIFORM_ALL_42,2,4,
pmedici,UNIFORM_BOOLEAN_41,2,1,
iposolver,UNIFORM_BOOLEAN_41,2,2,
cagen,UNIFORM_BOOLEAN_41,2,3,
appts,UNIFORM_BOOLEAN_41,2,4,
pmedici,UNIFORM_BOOLEAN_14,2,1,
cagen,UNIFORM_BOOLEAN_14,2,2,
iposolver,UNIFORM_BOOLEAN_14,2,3,
appts,UNIFORM_BOOLEAN_14,2,4,
pmedici,BOOLC_34,2,0,Invalid
cagen,BOOLC_34,2,1,
appts,BOOLC_34,2,2,
iposolver,BOOLC_34,2,0,Invalid
pmedici,BOOLC_47,2,0,Invalid
appts,BOOLC_47,2,1,
cagen,BOOLC_47,2,0,Timeout
iposolver,BOOLC_47,2,0,Invalid
pmedici,UNIFORM_BOOLEAN_35,2,1,
cagen,UNIFORM_BOOLEAN_35,2,2,
iposolver,UNIFORM_BOOLEAN_35,2,3,
appts,UNIFORM_BOOLEAN_35,2,4,
pmedici,BOOLC_12,2,1,
cagen,BOOLC_12,2,2,
appts,BOOLC_12,2,3,
iposolver,BOOLC_12,2,0,Invalid
pmedici,MCAC_3,2,1,
cagen,MCAC_3,2,2,
appts,MCAC_3,2,3,
iposolver,MCAC_3,2,0,Invalid
pmedici,UNIFORM_BOOLEAN_0,2,1,
iposolver,UNIFORM_BOOLEAN_0,2,2,
cagen,UNIFORM_BOOLEAN_0,2,3,
appts,UNIFORM_BOOLEAN_0,2,4,
pmedici,BOOLC_19,2,0,Invalid
cagen,BOOLC_19,2,1,
appts,BOOLC_19,2,0,Invalid
iposolver,BOOLC_19,2,0,Invalid
pmedici,BOOLC_16,2,0,Invalid
cagen,BOOLC_16,2,1,
appts,BOOLC_16,2,2,
iposolver,BOOLC_16,2,0,Invalid
pmedici,MCAC_22,2,0,Invalid
appts,MCAC_22,2,1,
cagen,MCAC_22,2,0,Timeout
iposolver,MCAC_22,2,0,Invalid
pmedici,UNIFORM_BOOLEAN_46,2,1,
cagen,UNIFORM_BOOLEAN_46,2,2,
iposolver,UNIFORM_BOOLEAN_46,2,3,
appts,UNIFORM_BOOLEAN_46,2,4,
pmedici,BOOLC_43,2,0,Invalid
appts,BOOLC_43,2,0,Invalid
cagen,BOOLC_43,2,0,Timeout
iposolver,BOOLC_43,2,0,Invalid
pmedici,UNIFORM_BOOLEAN_13,2,1,
cagen,UNIFORM_BOOLEAN_13,2,2,
iposolver,UNIFORM_BOOLEAN_13,2,3,
appts,UNIFORM_BOOLEAN_13,2,4,
pmedici,UNIFORM_BOOLEAN_20,2,1,
iposolver,UNIFORM_BOOLEAN_20,2,2,
cagen,UNIFORM_BOOLEAN_20,2,3,
appts,UNIFORM_BOOLEAN_20,2,4,
iposolver,UNIFORM_BOOLEAN_4,2,1,
cagen,UNIFORM_BOOLEAN_4,2,2,
pmedici,UNIFORM_BOOLEAN_4,2,3,
appts,UNIFORM_BOOLEAN_4,2,4,
pmedici,UNIFORM_BOOLEAN_31,2,1,
iposolver,UNIFORM_BOOLEAN_31,2,2,
cagen,UNIFORM_BOOLEAN_31,2,3,
appts,UNIFORM_BOOLEAN_31,2,4,
pmedici,UNIFORM_ALL_0,2,1,
cagen,UNIFORM_ALL_0,2,2,
iposolver,UNIFORM_ALL_0,2,3,
appts,UNIFORM_ALL_0,2,4,
pmedici,UNIFORM_BOOLEAN_24,2,1,
cagen,UNIFORM_BOOLEAN_24,2,2,
iposolver,UNIFORM_BOOLEAN_24,2,3,
appts,UNIFORM_BOOLEAN_24,2,4,
pmedici,BOOLC_30,2,0,Invalid
appts,BOOLC_30,2,0,Invalid
cagen,BOOLC_30,2,0,Timeout
iposolver,BOOLC_30,2,0,Invalid
pmedici,UNIFORM_BOOLEAN_45,2,1,
iposolver,UNIFORM_BOOLEAN_45,2,2,
cagen,UNIFORM_BOOLEAN_45,2,3,
appts,UNIFORM_BOOLEAN_45,2,4,
pmedici,UNIFORM_BOOLEAN_10,2,1,
iposolver,UNIFORM_BOOLEAN_10,2,2,
cagen,UNIFORM_BOOLEAN_10,2,3,
appts,UNIFORM_BOOLEAN_10,2,4,
pmedici,BOOLC_33,2,0,Invalid
cagen,BOOLC_33,2,1,
appts,BOOLC_33,2,2,
iposolver,BOOLC_33,2,0,Invalid
pmedici,UNIFORM_BOOLEAN_28,2,1,
iposolver,UNIFORM_BOOLEAN_28,2,2,
cagen,UNIFORM_BOOLEAN_28,2,3,
appts,UNIFORM_BOOLEAN_28,2,4,
pmedici,MCAC_4,2,0,Invalid
cagen,MCAC_4,2,1,
appts,MCAC_4,2,2,
iposolver,MCAC_4,2,0,Invalid
pmedici,UNIFORM_BOOLEAN_7,2,1,
cagen,UNIFORM_BOOLEAN_7,2,2,
iposolver,UNIFORM_BOOLEAN_7,2,3,
appts,UNIFORM_BOOLEAN_7,2,4,
pmedici,UNIFORM_BOOLEAN_32,2,1,
iposolver,UNIFORM_BOOLEAN_32,2,2,
cagen,UNIFORM_BOOLEAN_32,2,3,
appts,UNIFORM_BOOLEAN_32,2,4,
pmedici,BOOLC_40,2,0,Invalid
cagen,BOOLC_40,2,1,
appts,BOOLC_40,2,0,Invalid
iposolver,BOOLC_40,2,0,Invalid
pmedici,BOOLC_15,2,0,Invalid
cagen,BOOLC_15,2,1,
appts,BOOLC_15,2,2,
iposolver,BOOLC_15,2,0,Invalid
pmedici,UNIFORM_BOOLEAN_27,2,1,
cagen,UNIFORM_BOOLEAN_27,2,2,
iposolver,UNIFORM_BOOLEAN_27,2,3,
appts,UNIFORM_BOOLEAN_27,2,4,
appts,MCAC_25,2,1,
pmedici,MCAC_25,2,0,Timeout
cagen,MCAC_25,2,0,Timeout
iposolver,MCAC_25,2,0,Invalid
pmedici,BOOLC_11,2,0,Invalid
cagen,BOOLC_11,2,1,
appts,BOOLC_11,2,2,
iposolver,BOOLC_11,2,0,Invalid
pmedici,BOOLC_44,2,0,Invalid
cagen,BOOLC_44,2,1,
appts,BOOLC_44,2,0,Invalid
iposolver,BOOLC_44,2,0,Invalid
pmedici,UNIFORM_ALL_7,2,1,
cagen,UNIFORM_ALL_7,2,2,
iposolver,UNIFORM_ALL_7,2,3,
appts,UNIFORM_ALL_7,2,4,
pmedici,UNIFORM_BOOLEAN_36,2,1,
cagen,UNIFORM_BOOLEAN_36,2,2,
iposolver,UNIFORM_BOOLEAN_36,2,3,
appts,UNIFORM_BOOLEAN_36,2,4,
pmedici,UNIFORM_BOOLEAN_3,2,1,
cagen,UNIFORM_BOOLEAN_3,2,2,
iposolver,UNIFORM_BOOLEAN_3,2,3,
appts,UNIFORM_BOOLEAN_3,2,4,
pmedici,UNIFORM_BOOLEAN_23,2,1,
cagen,UNIFORM_BOOLEAN_23,2,2,
iposolver,UNIFORM_BOOLEAN_23,2,3,
appts,UNIFORM_BOOLEAN_23,2,4,
pmedici,BOOLC_29,2,0,Invalid
cagen,BOOLC_29,2,1,
appts,BOOLC_29,2,2,
iposolver,BOOLC_29,2,0,Invalid
pmedici,UNIFORM_BOOLEAN_42,2,1,
iposolver,UNIFORM_BOOLEAN_42,2,2,
cagen,UNIFORM_BOOLEAN_42,2,3,
appts,UNIFORM_BOOLEAN_42,2,4,
pmedici,UNIFORM_BOOLEAN_17,2,1,
iposolver,UNIFORM_BOOLEAN_17,2,2,
cagen,UNIFORM_BOOLEAN_17,2,3,
appts,UNIFORM_BOOLEAN_17,2,4,
pmedici,MCAC_38,2,1,
cagen,MCAC_38,2,0,Timeout
appts,MCAC_38,2,0,Timeout
iposolver,MCAC_38,2,0,Invalid
pmedici,BOOLC_21,2,0,Invalid
cagen,BOOLC_21,2,1,
appts,BOOLC_21,2,2,
iposolver,BOOLC_21,2,0,Invalid
pmedici,BOOLC_48,2,0,Invalid
cagen,BOOLC_48,2,1,
appts,BOOLC_48,2,2,
iposolver,BOOLC_48,2,0,Invalid
pmedici,BOOLC_25,2,0,Invalid
cagen,BOOLC_25,2,1,
appts,BOOLC_25,2,2,
iposolver,BOOLC_25,2,0,Invalid
pmedici,BOOLC_38,2,0,Invalid
cagen,BOOLC_38,2,1,
appts,BOOLC_38,2,2,
iposolver,BOOLC_38,2,0,Invalid
pmedici,BOOLC_37,2,1,
cagen,BOOLC_37,2,2,
appts,BOOLC_37,2,3,
iposolver,BOOLC_37,2,0,Invalid
pmedici,UNIFORM_BOOLEAN_39,2,1,
iposolver,UNIFORM_BOOLEAN_39,2,2,
cagen,UNIFORM_BOOLEAN_39,2,3,
appts,UNIFORM_BOOLEAN_39,2,4,
pmedici,BOOLC_26,2,0,Invalid
cagen,BOOLC_26,2,1,
appts,BOOLC_26,2,2,
iposolver,BOOLC_26,2,0,Invalid
pmedici,UNIFORM_BOOLEAN_8,2,1,
iposolver,UNIFORM_BOOLEAN_8,2,2,
cagen,UNIFORM_BOOLEAN_8,2,3,
appts,UNIFORM_BOOLEAN_8,2,4,
pmedici,BOOLC_22,2,0,Invalid
cagen,BOOLC_22,2,1,
appts,BOOLC_22,2,2,
iposolver,BOOLC_22,2,0,Invalid
pmedici,MCA_39,2,1,
iposolver,MCA_39,2,2,
cagen,MCA_39,2,3,
appts,MCA_39,2,4,
pmedici,MCAC_0,2,0,Invalid
appts,MCAC_0,2,1,
cagen,MCAC_0,2,0,Timeout
iposolver,MCAC_0,2,0,Invalid
pmedici,MCAC_28,2,0,Invalid
cagen,MCAC_28,2,1,
appts,MCAC_28,2,2,
iposolver,MCAC_28,2,0,Invalid
pmedici,UNIFORM_BOOLEAN_49,2,1,
cagen,UNIFORM_BOOLEAN_49,2,2,
iposolver,UNIFORM_BOOLEAN_49,2,3,
appts,UNIFORM_BOOLEAN_49,2,4,
pmedici,MCAC_7,2,0,Invalid
cagen,MCAC_7,2,1,
appts,MCAC_7,2,2,
iposolver,MCAC_7,2,0,Invalid
pmedici,MCA_31,2,1,
iposolver,MCA_31,2,2,
cagen,MCA_31,2,3,
appts,MCA_31,2,4,
pmedici,MCAC_44,2,1,
cagen,MCAC_44,2,2,
appts,MCAC_44,2,3,
iposolver,MCAC_44,2,0,Invalid
pmedici,BOOLC_31,5,1,
cagen,BOOLC_31,5,2,
appts,BOOLC_31,5,0,Timeout
iposolver,BOOLC_31,5,0,Invalid
pmedici,UNIFORM_BOOLEAN_5,5,1,
cagen,UNIFORM_BOOLEAN_5,5,2,
iposolver,UNIFORM_BOOLEAN_5,5,3,
appts,UNIFORM_BOOLEAN_5,5,4,
cagen,UNIFORM_ALL_18,5,1,
iposolver,UNIFORM_ALL_18,5,0,Timeout
appts,UNIFORM_ALL_18,5,0,Timeout
pmedici,UNIFORM_ALL_18,5,0,Invalid
pmedici,UNIFORM_BOOLEAN_2,5,1,
iposolver,UNIFORM_BOOLEAN_2,5,2,
cagen,UNIFORM_BOOLEAN_2,5,3,
appts,UNIFORM_BOOLEAN_2,5,4,
pmedici,UNIFORM_BOOLEAN_43,5,1,
iposolver,UNIFORM_BOOLEAN_43,5,2,
cagen,UNIFORM_BOOLEAN_43,5,3,
appts,UNIFORM_BOOLEAN_43,5,4,
pmedici,MCAC_39,5,1,
cagen,MCAC_39,5,2,
appts,MCAC_39,5,3,
iposolver,MCAC_39,5,0,Invalid
pmedici,UNIFORM_BOOLEAN_16,5,1,
iposolver,UNIFORM_BOOLEAN_16,5,2,
cagen,UNIFORM_BOOLEAN_16,5,3,
appts,UNIFORM_BOOLEAN_16,5,4,
pmedici,UNIFORM_BOOLEAN_12,5,1,
iposolver,UNIFORM_BOOLEAN_12,5,2,
cagen,UNIFORM_BOOLEAN_12,5,3,
appts,UNIFORM_BOOLEAN_12,5,4,
iposolver,MCA_32,5,1,
cagen,MCA_32,5,2,
appts,MCA_32,5,3,
pmedici,MCA_32,5,0,Invalid
pmedici,UNIFORM_BOOLEAN_47,5,1,
iposolver,UNIFORM_BOOLEAN_47,5,2,
cagen,UNIFORM_BOOLEAN_47,5,3,
appts,UNIFORM_BOOLEAN_47,5,4,
pmedici,BOOLC_35,5,1,
cagen,BOOLC_35,5,2,
appts,BOOLC_35,5,3,
iposolver,BOOLC_35,5,0,Invalid
pmedici,UNIFORM_ALL_31,5,1,
cagen,UNIFORM_ALL_31,5,2,
iposolver,UNIFORM_ALL_31,5,3,
appts,UNIFORM_ALL_31,5,4,
pmedici,UNIFORM_ALL_48,5,0,Invalid
iposolver,UNIFORM_ALL_48,5,0,Invalid
cagen,UNIFORM_ALL_48,5,0,Invalid
appts,UNIFORM_ALL_48,5,0,Invalid
pmedici,MCAC_19,5,0,Invalid
iposolver,MCAC_19,5,0,Invalid
cagen,MCAC_19,5,0,Invalid
appts,MCAC_19,5,0,Invalid
cagen,MCA_43,5,1,
iposolver,MCA_43,5,0,Timeout
appts,MCA_43,5,0,Timeout
pmedici,MCA_43,5,0,Invalid
cagen,MCAC_14,5,1,
appts,MCAC_14,5,0,Timeout
pmedici,MCAC_14,5,0,Invalid
iposolver,MCAC_14,5,0,Invalid
pmedici,UNIFORM_BOOLEAN_33,5,1,
iposolver,UNIFORM_BOOLEAN_33,5,2,
cagen,UNIFORM_BOOLEAN_33,5,3,
appts,UNIFORM_BOOLEAN_33,5,4,
cagen,MCAC_41,5,0,Timeout
appts,MCAC_41,5,0,Timeout
pmedici,MCAC_41,5,0,Invalid
iposolver,MCAC_41,5,0,Invalid
cagen,MCAC_6,5,0,Timeout
appts,MCAC_6,5,0,Timeout
pmedici,MCAC_6,5,0,Invalid
iposolver,MCAC_6,5,0,Invalid
iposolver,MCA_21,5,0,Timeout
cagen,MCA_21,5,0,Timeout
appts,MCA_21,5,0,Timeout
pmedici,MCA_21,5,0,Invalid
iposolver,MCA_9,5,0,Timeout
cagen,MCA_9,5,0,Timeout
appts,MCA_9,5,0,Timeout
pmedici,MCA_9,5,0,Invalid
pmedici,BOOLC_13,5,1,
cagen,BOOLC_13,5,2,
appts,BOOLC_13,5,3,
iposolver,BOOLC_13,5,0,Invalid
cagen,BOOLC_46,5,1,
appts,BOOLC_46,5,2,
pmedici,BOOLC_46,5,0,Invalid
iposolver,BOOLC_46,5,0,Invalid
pmedici,UNIFORM_BOOLEAN_19,5,1,
iposolver,UNIFORM_BOOLEAN_19,5,2,
cagen,UNIFORM_BOOLEAN_19,5,3,
appts,UNIFORM_BOOLEAN_19,5,4,
appts,MCAC_34,5,0,Timeout
pmedici,MCAC_34,5,0,Invalid
iposolver,MCAC_34,5,0,Invalid
cagen,MCAC_34,5,0,Invalid
cagen,UNIFORM_ALL_3,5,1,
iposolver,UNIFORM_ALL_3,5,0,Timeout
appts,UNIFORM_ALL_3,5,0,Timeout
pmedici,UNIFORM_ALL_3,5,0,Invalid
pmedici,BOOLC_2,5,0,Invalid
cagen,BOOLC_2,5,1,
appts,BOOLC_2,5,2,
iposolver,BOOLC_2,5,0,Invalid
cagen,UNIFORM_ALL_49,5,1,
iposolver,UNIFORM_ALL_49,5,0,Timeout
appts,UNIFORM_ALL_49,5,0,Timeout
pmedici,UNIFORM_ALL_49,5,0,Invalid
pmedici,BOOLC_18,5,1,
cagen,BOOLC_18,5,2,
appts,BOOLC_18,5,0,Timeout
iposolver,BOOLC_18,5,0,Invalid
pmedici,UNIFORM_BOOLEAN_6,5,1,
iposolver,UNIFORM_BOOLEAN_6,5,2,
cagen,UNIFORM_BOOLEAN_6,5,3,
appts,UNIFORM_BOOLEAN_6,5,4,
pmedici,BOOLC_17,5,0,Invalid
cagen,BOOLC_17,5,1,
appts,BOOLC_17,5,0,Invalid
iposolver,BOOLC_17,5,0,Invalid
iposolver,UNIFORM_ALL_43,5,0,Timeout
cagen,UNIFORM_ALL_43,5,0,Timeout
appts,UNIFORM_ALL_43,5,0,Timeout
pmedici,UNIFORM_ALL_43,5,0,Invalid
pmedici,BOOLC_42,5,0,Invalid
cagen,BOOLC_42,5,1,
appts,BOOLC_42,5,2,
iposolver,BOOLC_42,5,0,Invalid
pmedici,UNIFORM_ALL_16,5,1,
iposolver,UNIFORM_ALL_16,5,2,
cagen,UNIFORM_ALL_16,5,3,
appts,UNIFORM_ALL_16,5,4,
cagen,MCAC_10,5,0,Timeout
appts,MCAC_10,5,0,Timeout
pmedici,MCAC_10,5,0,Invalid
iposolver,MCAC_10,5,0,Invalid
pmedici,UNIFORM_BOOLEAN_37,5,1,
iposolver,UNIFORM_BOOLEAN_37,5,2,
cagen,UNIFORM_BOOLEAN_37,5,3,
appts,UNIFORM_BOOLEAN_37,5,4,
cagen,MCAC_45,5,1,
appts,MCAC_45,5,0,Timeout
pmedici,MCAC_45,5,0,Invalid
iposolver,MCAC_45,5,0,Invalid
pmedici,BOOLC_24,5,0,Invalid
iposolver,BOOLC_24,5,0,Invalid
cagen,BOOLC_24,5,0,Invalid
appts,BOOLC_24,5,0,Invalid
iposolver,MCA_25,5,1,
cagen,MCA_25,5,2,
appts,MCA_25,5,3,
pmedici,MCA_25,5,0,Invalid
pmedici,UNIFORM_ALL_34,5,1,
cagen,UNIFORM_ALL_34,5,2,
iposolver,UNIFORM_ALL_34,5,3,
appts,UNIFORM_ALL_34,5,4,
iposolver,MCA_19,5,0,Timeout
cagen,MCA_19,5,0,Timeout
appts,MCA_19,5,0,Timeout
pmedici,MCA_19,5,0,Invalid
pmedici,UNIFORM_BOOLEAN_21,5,1,
iposolver,UNIFORM_BOOLEAN_21,5,2,
cagen,UNIFORM_BOOLEAN_21,5,3,
appts,UNIFORM_BOOLEAN_21,5,4,
pmedici,UNIFORM_BOOLEAN_30,5,1,
cagen,UNIFORM_BOOLEAN_30,5,2,
iposolver,UNIFORM_BOOLEAN_30,5,3,
appts,UNIFORM_BOOLEAN_30,5,4,
cagen,MCA_12,5,1,
iposolver,MCA_12,5,0,Timeout
appts,MCA_12,5,0,Timeout
pmedici,MCA_12,5,0,Invalid
cagen,MCA_47,5,1,
iposolver,MCA_47,5,2,
appts,MCA_47,5,3,
pmedici,MCA_47,5,0,Timeout
cagen,MCAC_48,5,0,Timeout
appts,MCAC_48,5,0,Timeout
pmedici,MCAC_48,5,0,Invalid
iposolver,MCAC_48,5,0,Invalid
iposolver,UNIFORM_ALL_35,5,0,Timeout
cagen,UNIFORM_ALL_35,5,0,Timeout
appts,UNIFORM_ALL_35,5,0,Timeout
pmedici,UNIFORM_ALL_35,5,0,Invalid
pmedici,UNIFORM_BOOLEAN_44,5,1,
iposolver,UNIFORM_BOOLEAN_44,5,2,
cagen,UNIFORM_BOOLEAN_44,5,3,
appts,UNIFORM_BOOLEAN_44,5,4,
pmedici,UNIFORM_BOOLEAN_11,5,1,
iposolver,UNIFORM_BOOLEAN_11,5,2,
cagen,UNIFORM_BOOLEAN_11,5,3,
appts,UNIFORM_BOOLEAN_11,5,4,
cagen,MCA_38,5,1,
iposolver,MCA_38,5,0,Timeout
appts,MCA_38,5,0,Timeout
pmedici,MCA_38,5,0,Invalid
pmedici,BOOLC_8,5,0,Invalid
cagen,BOOLC_8,5,1,
appts,BOOLC_8,5,2,
iposolver,BOOLC_8,5,0,Invalid
pmedici,BOOLC_36,5,0,Invalid
cagen,BOOLC_36,5,1,
appts,BOOLC_36,5,2,
iposolver,BOOLC_36,5,0,Invalid
iposolver,MCA_6,5,0,Timeout
cagen,MCA_6,5,0,Timeout
appts,MCA_6,5,0,Timeout
pmedici,MCA_6,5,0,Invalid
pmedici,UNIFORM_ALL_38,5,0,Invalid
iposolver,UNIFORM_ALL_38,5,0,Invalid
cagen,UNIFORM_ALL_38,5,0,Invalid
appts,UNIFORM_ALL_38,5,0,Invalid
appts,MCA_11,5,1,
cagen,MCA_11,5,2,
iposolver,MCA_11,5,0,Timeout
pmedici,MCA_11,5,0,Invalid
iposolver,MCA_44,5,1,
cagen,MCA_44,5,2,
appts,MCA_44,5,3,
pmedici,MCA_44,5,0,Invalid
pmedici,UNIFORM_BOOLEAN_15,5,1,
iposolver,UNIFORM_BOOLEAN_15,5,2,
cagen,UNIFORM_BOOLEAN_15,5,3,
appts,UNIFORM_BOOLEAN_15,5,4,
cagen,UNIFORM_ALL_36,5,1,
iposolver,UNIFORM_ALL_36,5,0,Timeout
appts,UNIFORM_ALL_36,5,0,Timeout
pmedici,UNIFORM_ALL_36,5,0,Invalid
iposolver,MCA_35,5,0,Timeout
cagen,MCA_35,5,0,Timeout
appts,MCA_35,5,0,Timeout
pmedici,MCA_35,5,0,Invalid
pmedici,BOOLC_32,5,0,Invalid
cagen,BOOLC_32,5,1,
appts,BOOLC_32,5,2,
iposolver,BOOLC_32,5,0,Invalid
pmedici,UNIFORM_BOOLEAN_40,5,1,
iposolver,UNIFORM_BOOLEAN_40,5,2,
cagen,UNIFORM_BOOLEAN_40,5,3,
appts,UNIFORM_BOOLEAN_40,5,4,
pmedici,BOOLC_14,5,0,Invalid
cagen,BOOLC_14,5,1,
appts,BOOLC_14,5,2,
iposolver,BOOLC_14,5,0,Invalid
pmedici,BOOLC_41,5,0,Invalid
cagen,BOOLC_41,5,1,
appts,BOOLC_41,5,0,Timeout
iposolver,BOOLC_41,5,0,Invalid
iposolver,UNIFORM_ALL_26,5,1,
cagen,UNIFORM_ALL_26,5,2,
appts,UNIFORM_ALL_26,5,3,
pmedici,UNIFORM_ALL_26,5,0,Invalid
cagen,MCAC_13,5,1,
appts,MCAC_13,5,0,Timeout
pmedici,MCAC_13,5,0,Invalid
iposolver,MCAC_13,5,0,Invalid
iposolver,MCA_26,5,0,Timeout
cagen,MCA_26,5,0,Timeout
appts,MCA_26,5,0,Timeout
pmedici,MCA_26,5,0,Invalid
cagen,MCAC_46,5,0,Timeout
appts,MCAC_46,5,0,Timeout
pmedici,MCAC_46,5,0,Invalid
iposolver,MCAC_46,5,0,Invalid
pmedici,UNIFORM_BOOLEAN_34,5,1,
iposolver,UNIFORM_BOOLEAN_34,5,2,
cagen,UNIFORM_BOOLEAN_34,5,3,
appts,UNIFORM_BOOLEAN_34,5,4,
pmedici,MCAC_1,5,1,
cagen,MCAC_1,5,2,
appts,MCAC_1,5,0,Timeout
iposolver,MCAC_1,5,0,Invalid
pmedici,BOOLC_5,5,1,
cagen,BOOLC_5,5,2,
appts,BOOLC_5,5,0,Timeout
iposolver,BOOLC_5,5,0,Invalid
cagen,UNIFORM_ALL_4,5,1,
iposolver,UNIFORM_ALL_4,5,0,Timeout
appts,UNIFORM_ALL_4,5,0,Timeout
pmedici,UNIFORM_ALL_4,5,0,Invalid
pmedici,MCA_18,5,0,Invalid
iposolver,MCA_18,5,0,Invalid
cagen,MCA_18,5,0,Invalid
appts,MCA_18,5,0,Invalid
appts,MCAC_33,5,0,Timeout
pmedici,MCAC_33,5,0,Invalid
iposolver,MCAC_33,5,0,Invalid
cagen,MCAC_33,5,0,Invalid
pmedici,UNIFORM_BOOLEAN_29,5,0,Invalid
iposolver,UNIFORM_BOOLEAN_29,5,0,Invalid
cagen,UNIFORM_BOOLEAN_29,5,0,Invalid
appts,UNIFORM_BOOLEAN_29,5,0,Invalid
pmedici,MCAC_17,5,1,
cagen,MCAC_17,5,2,
appts,MCAC_17,5,3,
iposolver,MCAC_17,5,0,Invalid
pmedici,MCA_22,5,0,Invalid
iposolver,MCA_22,5,0,Invalid
cagen,MCA_22,5,0,Invalid
appts,MCA_22,5,0,Invalid
pmedici,MCA_8,5,0,Invalid
iposolver,MCA_8,5,0,Invalid
cagen,MCA_8,5,0,Invalid
appts,MCA_8,5,0,Invalid
pmedici,MCAC_18,5,0,Invalid
iposolver,MCAC_18,5,0,Invalid
cagen,MCAC_18,5,0,Invalid
appts,MCAC_18,5,0,Invalid
pmedici,BOOLC_23,5,1,
cagen,BOOLC_23,5,2,
appts,BOOLC_23,5,3,
iposolver,BOOLC_23,5,0,Invalid
appts,MCAC_42,5,0,Timeout
pmedici,MCAC_42,5,0,Invalid
iposolver,MCAC_42,5,0,Invalid
cagen,MCAC_42,5,0,Invalid
cagen,UNIFORM_ALL_44,5,1,
iposolver,UNIFORM_ALL_44,5,2,
appts,UNIFORM_ALL_44,5,3,
pmedici,UNIFORM_ALL_44,5,0,Invalid
pmedici,BOOLC_10,5,0,Invalid
cagen,BOOLC_10,5,1,
appts,BOOLC_10,5,2,
iposolver,BOOLC_10,5,0,Invalid
cagen,UNIFORM_ALL_11,5,1,
iposolver,UNIFORM_ALL_11,5,0,Timeout
appts,UNIFORM_ALL_11,5,0,Timeout
pmedici,UNIFORM_ALL_11,5,0,Invalid
pmedici,BOOLC_45,5,0,Invalid
cagen,BOOLC_45,5,1,
appts,BOOLC_45,5,2,
iposolver,BOOLC_45,5,0,Invalid
pmedici,BOOLC_28,5,0,Invalid
cagen,BOOLC_28,5,1,
appts,BOOLC_28,5,2,
iposolver,BOOLC_28,5,0,Invalid
pmedici,UNIFORM_BOOLEAN_9,5,0,Invalid
iposolver,UNIFORM_BOOLEAN_9,5,0,Invalid
cagen,UNIFORM_BOOLEAN_9,5,0,Invalid
appts,UNIFORM_BOOLEAN_9,5,0,Invalid
iposolver,UNIFORM_ALL_33,5,0,Timeout
cagen,UNIFORM_ALL_33,5,0,Timeout
appts,UNIFORM_ALL_33,5,0,Timeout
pmedici,UNIFORM_ALL_33,5,0,Invalid
appts,MCA_49,5,1,
cagen,MCA_49,5,2,
iposolver,MCA_49,5,0,Timeout
pmedici,MCA_49,5,0,Invalid
pmedici,UNIFORM_BOOLEAN_26,5,1,
iposolver,UNIFORM_BOOLEAN_26,5,2,
cagen,UNIFORM_BOOLEAN_26,5,3,
appts,UNIFORM_BOOLEAN_26,5,4,
iposolver,UNIFORM_ALL_32,5,1,
cagen,UNIFORM_ALL_32,5,2,
appts,UNIFORM_ALL_32,5,3,
pmedici,UNIFORM_ALL_32,5,0,Invalid
iposolver,MCA_15,5,0,Timeout
cagen,MCA_15,5,0,Timeout
appts,MCA_15,5,0,Timeout
pmedici,MCA_15,5,0,Invalid
pmedici,MCA_40,5,0,Invalid
iposolver,MCA_40,5,0,Invalid
cagen,MCA_40,5,0,Invalid
appts,MCA_40,5,0,Invalid
pmedici,UNIFORM_BOOLEAN_22,5,1,
iposolver,UNIFORM_BOOLEAN_22,5,2,
cagen,UNIFORM_BOOLEAN_22,5,3,
appts,UNIFORM_BOOLEAN_22,5,4,
pmedici,UNIFORM_ALL_46,5,1,
iposolver,UNIFORM_ALL_46,5,2,
cagen,UNIFORM_ALL_46,5,3,
appts,UNIFORM_ALL_46,5,4,
pmedici,UNIFORM_ALL_13,5,1,
iposolver,UNIFORM_ALL_13,5,2,
cagen,UNIFORM_ALL_13,5,3,
appts,UNIFORM_ALL_13,5,4,
pmedici,BOOLC_4,5,0,Invalid
cagen,BOOLC_4,5,1,
appts,BOOLC_4,5,0,Timeout
iposolver,BOOLC_4,5,0,Invalid
iposolver,UNIFORM_ALL_20,5,0,Timeout
cagen,UNIFORM_ALL_20,5,0,Timeout
appts,UNIFORM_ALL_20,5,0,Timeout
pmedici,UNIFORM_ALL_20,5,0,Invalid
cagen,MCAC_9,5,1,
appts,MCAC_9,5,0,Timeout
pmedici,MCAC_9,5,0,Invalid
iposolver,MCAC_9,5,0,Invalid
pmedici,MCAC_47,5,1,
cagen,MCAC_47,5,2,
appts,MCAC_47,5,3,
iposolver,MCAC_47,5,0,Invalid
pmedici,MCAC_12,5,0,Invalid
iposolver,MCAC_12,5,0,Invalid
cagen,MCAC_12,5,0,Invalid
appts,MCAC_12,5,0,Invalid
pmedici,MCA_0,5,0,Invalid
iposolver,MCA_0,5,0,Invalid
cagen,MCA_0,5,0,Invalid
appts,MCA_0,5,0,Invalid
cagen,UNIFORM_ALL_19,5,1,
appts,UNIFORM_ALL_19,5,2,
iposolver,UNIFORM_ALL_19,5,0,Timeout
pmedici,UNIFORM_ALL_19,5,0,Invalid
pmedici,MCA_2,5,0,Invalid
iposolver,MCA_2,5,0,Invalid
cagen,MCA_2,5,0,Invalid
appts,MCA_2,5,0,Invalid
pmedici,UNIFORM_BOOLEAN_1,5,0,Invalid
iposolver,UNIFORM_BOOLEAN_1,5,0,Invalid
cagen,UNIFORM_BOOLEAN_1,5,0,Invalid
appts,UNIFORM_BOOLEAN_1,5,0,Invalid
iposolver,UNIFORM_ALL_24,5,0,Timeout
cagen,UNIFORM_ALL_24,5,0,Timeout
appts,UNIFORM_ALL_24,5,0,Timeout
pmedici,UNIFORM_ALL_24,5,0,Invalid
pmedici,BOOLC_20,5,0,Invalid
cagen,BOOLC_20,5,1,
appts,BOOLC_20,5,2,
iposolver,BOOLC_20,5,0,Invalid
pmedici,BOOLC_6,5,0,Invalid
cagen,BOOLC_6,5,1,
appts,BOOLC_6,5,0,Timeout
iposolver,BOOLC_6,5,0,Invalid
iposolver,MCA_14,5,1,
cagen,MCA_14,5,2,
appts,MCA_14,5,3,
pmedici,MCA_14,5,0,Invalid
iposolver,UNIFORM_ALL_5,5,1,
appts,UNIFORM_ALL_5,5,2,
cagen,UNIFORM_ALL_5,5,3,
pmedici,UNIFORM_ALL_5,5,0,Invalid
iposolver,MCA_41,5,0,Timeout
cagen,MCA_41,5,0,Timeout
appts,MCA_41,5,0,Timeout
pmedici,MCA_41,5,0,Invalid
pmedici,BOOLC_49,5,0,Invalid
iposolver,BOOLC_49,5,0,Invalid
cagen,BOOLC_49,5,0,Invalid
appts,BOOLC_49,5,0,Invalid
cagen,MCAC_27,5,1,
pmedici,MCAC_27,5,0,Timeout
appts,MCAC_27,5,0,Timeout
iposolver,MCAC_27,5,0,Invalid
cagen,MCA_4,5,1,
iposolver,MCA_4,5,0,Timeout
appts,MCA_4,5,0,Timeout
pmedici,MCA_4,5,0,Invalid
appts,MCA_10,5,1,
cagen,MCA_10,5,2,
iposolver,MCA_10,5,0,Timeout
pmedici,MCA_10,5,0,Invalid
pmedici,MCA_45,5,1,
iposolver,MCA_45,5,2,
cagen,MCA_45,5,3,
appts,MCA_45,5,4,
pmedici,MCA_23,5,1,
iposolver,MCA_23,5,2,
cagen,MCA_23,5,3,
appts,MCA_23,5,4,
cagen,MCAC_36,5,0,Timeout
appts,MCAC_36,5,0,Timeout
pmedici,MCAC_36,5,0,Invalid
iposolver,MCAC_36,5,0,Invalid
cagen,UNIFORM_ALL_30,5,1,
iposolver,UNIFORM_ALL_30,5,0,Timeout
appts,UNIFORM_ALL_30,5,0,Timeout
pmedici,UNIFORM_ALL_30,5,0,Invalid
pmedici,UNIFORM_ALL_17,5,0,Invalid
iposolver,UNIFORM_ALL_17,5,0,Invalid
cagen,UNIFORM_ALL_17,5,0,Invalid
appts,UNIFORM_ALL_17,5,0,Invalid
pmedici,BOOLC_0,5,0,Invalid
cagen,BOOLC_0,5,1,
appts,BOOLC_0,5,2,
iposolver,BOOLC_0,5,0,Invalid
appts,MCAC_43,5,0,Timeout
pmedici,MCAC_43,5,0,Invalid
iposolver,MCAC_43,5,0,Invalid
cagen,MCAC_43,5,0,Invalid
cagen,MCAC_16,5,0,Timeout
appts,MCAC_16,5,0,Timeout
pmedici,MCAC_16,5,0,Invalid
iposolver,MCAC_16,5,0,Invalid
iposolver,UNIFORM_ALL_47,5,0,Timeout
cagen,UNIFORM_ALL_47,5,0,Timeout
appts,UNIFORM_ALL_47,5,0,Timeout
pmedici,UNIFORM_ALL_47,5,0,Invalid
pmedici,UNIFORM_BOOLEAN_48,5,1,
iposolver,UNIFORM_BOOLEAN_48,5,2,
cagen,UNIFORM_BOOLEAN_48,5,3,
appts,UNIFORM_BOOLEAN_48,5,4,
pmedici,UNIFORM_ALL_12,5,1,
iposolver,UNIFORM_ALL_12,5,2,
cagen,UNIFORM_ALL_12,5,3,
appts,UNIFORM_ALL_12,5,4,
iposolver,UNIFORM_ALL_27,5,0,Timeout
cagen,UNIFORM_ALL_27,5,0,Timeout
appts,UNIFORM_ALL_27,5,0,Timeout
pmedici,UNIFORM_ALL_27,5,0,Invalid
iposolver,UNIFORM_ALL_41,5,1,
cagen,UNIFORM_ALL_41,5,2,
appts,UNIFORM_ALL_41,5,3,
pmedici,UNIFORM_ALL_41,5,0,Timeout
pmedici,BOOLC_3,5,0,Invalid
cagen,BOOLC_3,5,1,
appts,BOOLC_3,5,0,Invalid
iposolver,BOOLC_3,5,0,Invalid
iposolver,UNIFORM_ALL_14,5,1,
cagen,UNIFORM_ALL_14,5,2,
appts,UNIFORM_ALL_14,5,3,
pmedici,UNIFORM_ALL_14,5,0,Invalid
pmedici,MCAC_40,5,1,
cagen,MCAC_40,5,2,
appts,MCAC_40,5,3,
iposolver,MCAC_40,5,0,Invalid
appts,MCAC_15,5,0,Timeout
pmedici,MCAC_15,5,0,Invalid
iposolver,MCAC_15,5,0,Invalid
cagen,MCAC_15,5,0,Invalid
pmedici,BOOLC_39,5,0,Invalid
cagen,BOOLC_39,5,1,
appts,BOOLC_39,5,2,
iposolver,BOOLC_39,5,0,Invalid
iposolver,MCA_29,5,0,Timeout
cagen,MCA_29,5,0,Timeout
appts,MCA_29,5,0,Timeout
pmedici,MCA_29,5,0,Invalid
iposolver,MCA_5,5,0,Timeout
cagen,MCA_5,5,0,Timeout
appts,MCA_5,5,0,Timeout
pmedici,MCA_5,5,0,Invalid
iposolver,UNIFORM_ALL_39,5,0,Timeout
cagen,UNIFORM_ALL_39,5,0,Timeout
appts,UNIFORM_ALL_39,5,0,Timeout
pmedici,UNIFORM_ALL_39,5,0,Invalid
iposolver,MCA_7,5,1,
cagen,MCA_7,5,2,
appts,MCA_7,5,3,
pmedici,MCA_7,5,0,Invalid
iposolver,MCA_13,5,0,Timeout
cagen,MCA_13,5,0,Timeout
appts,MCA_13,5,0,Timeout
pmedici,MCA_13,5,0,Invalid
pmedici,BOOLC_1,5,0,Invalid
cagen,BOOLC_1,5,1,
appts,BOOLC_1,5,2,
iposolver,BOOLC_1,5,0,Invalid
cagen,MCA_46,5,1,
iposolver,MCA_46,5,0,Timeout
appts,MCA_46,5,0,Timeout
pmedici,MCA_46,5,0,Invalid
iposolver,UNIFORM_ALL_2,5,0,Timeout
cagen,UNIFORM_ALL_2,5,0,Timeout
appts,UNIFORM_ALL_2,5,0,Timeout
pmedici,UNIFORM_ALL_2,5,0,Invalid
pmedici,BOOLC_27,5,0,Invalid
cagen,BOOLC_27,5,1,
appts,BOOLC_27,5,2,
iposolver,BOOLC_27,5,0,Invalid
iposolver,UNIFORM_ALL_23,5,0,Timeout
cagen,UNIFORM_ALL_23,5,0,Timeout
appts,UNIFORM_ALL_23,5,0,Timeout
pmedici,UNIFORM_ALL_23,5,0,Invalid
iposolver,MCA_37,5,0,Timeout
cagen,MCA_37,5,0,Timeout
appts,MCA_37,5,0,Timeout
pmedici,MCA_37,5,0,Invalid
cagen,MCAC_49,5,0,Timeout
appts,MCAC_49,5,0,Timeout
pmedici,MCAC_49,5,0,Invalid
iposolver,MCAC_49,5,0,Invalid
iposolver,MCA_3,5,0,Timeout
cagen,MCA_3,5,0,Timeout
appts,MCA_3,5,0,Timeout
pmedici,MCA_3,5,0,Invalid
iposolver,UNIFORM_ALL_29,5,0,Timeout
cagen,UNIFORM_ALL_29,5,0,Timeout
appts,UNIFORM_ALL_29,5,0,Timeout
pmedici,UNIFORM_ALL_29,5,0,Invalid
pmedici,MCA_1,5,0,Invalid
iposolver,MCA_1,5,0,Invalid
cagen,MCA_1,5,0,Invalid
appts,MCA_1,5,0,Invalid
pmedici,MCAC_20,5,0,Invalid
iposolver,MCAC_20,5,0,Invalid
cagen,MCAC_20,5,0,Invalid
appts,MCAC_20,5,0,Invalid
iposolver,MCA_24,5,0,Timeout
cagen,MCA_24,5,0,Timeout
appts,MCA_24,5,0,Timeout
pmedici,MCA_24,5,0,Invalid
cagen,MCA_17,5,1,
appts,MCA_17,5,2,
iposolver,MCA_17,5,0,Timeout
pmedici,MCA_17,5,0,Invalid
cagen,MCA_42,5,1,
iposolver,MCA_42,5,0,Timeout
appts,MCA_42,5,0,Timeout
pmedici,MCA_42,5,0,Invalid
iposolver,UNIFORM_ALL_45,5,0,Timeout
cagen,UNIFORM_ALL_45,5,0,Timeout
appts,UNIFORM_ALL_45,5,0,Timeout
pmedici,UNIFORM_ALL_45,5,0,Invalid
pmedici,UNIFORM_ALL_37,5,0,Invalid
iposolver,UNIFORM_ALL_37,5,0,Invalid
cagen,UNIFORM_ALL_37,5,0,Invalid
appts,UNIFORM_ALL_37,5,0,Invalid
pmedici,BOOLC_7,5,0,Invalid
cagen,BOOLC_7,5,1,
appts,BOOLC_7,5,0,Timeout
iposolver,BOOLC_7,5,0,Invalid
pmedici,UNIFORM_ALL_10,5,0,Invalid
iposolver,UNIFORM_ALL_10,5,0,Invalid
cagen,UNIFORM_ALL_10,5,0,Invalid
appts,UNIFORM_ALL_10,5,0,Invalid
appts,MCAC_31,5,0,Timeout
pmedici,MCAC_31,5,0,Invalid
iposolver,MCAC_31,5,0,Invalid
cagen,MCAC_31,5,0,Invalid
iposolver,UNIFORM_ALL_40,5,0,Timeout
cagen,UNIFORM_ALL_40,5,0,Timeout
appts,UNIFORM_ALL_40,5,0,Timeout
pmedici,UNIFORM_ALL_40,5,0,Invalid
pmedici,UNIFORM_ALL_15,5,0,Invalid
iposolver,UNIFORM_ALL_15,5,0,Invalid
cagen,UNIFORM_ALL_15,5,0,Invalid
appts,UNIFORM_ALL_15,5,0,Invalid
pmedici,MCAC_11,5,1,
cagen,MCAC_11,5,2,
appts,MCAC_11,5,0,Timeout
iposolver,MCAC_11,5,0,Invalid
pmedici,UNIFORM_BOOLEAN_25,5,0,Invalid
iposolver,UNIFORM_BOOLEAN_25,5,0,Invalid
cagen,UNIFORM_BOOLEAN_25,5,0,Invalid
appts,UNIFORM_BOOLEAN_25,5,0,Invalid
pmedici,MCA_33,5,0,Invalid
iposolver,MCA_33,5,0,Invalid
cagen,MCA_33,5,0,Invalid
appts,MCA_33,5,0,Invalid
appts,MCAC_26,5,0,Timeout
pmedici,MCAC_26,5,0,Invalid
iposolver,MCAC_26,5,0,Invalid
cagen,MCAC_26,5,0,Invalid
cagen,MCA_20,5,1,
appts,MCA_20,5,2,
pmedici,MCA_20,5,0,Timeout
iposolver,MCA_20,5,0,Timeout
cagen,MCA_48,5,1,
appts,MCA_48,5,2,
iposolver,MCA_48,5,3,
pmedici,MCA_48,5,0,Invalid
iposolver,MCA_34,5,1,
cagen,MCA_34,5,2,
appts,MCA_34,5,3,
pmedici,MCA_34,5,0,Invalid
pmedici,MCA_30,5,0,Invalid
iposolver,MCA_30,5,0,Invalid
cagen,MCA_30,5,0,Invalid
appts,MCA_30,5,0,Invalid
pmedici,UNIFORM_ALL_21,5,0,Invalid
iposolver,UNIFORM_ALL_21,5,0,Invalid
cagen,UNIFORM_ALL_21,5,0,Invalid
appts,UNIFORM_ALL_21,5,0,Invalid
cagen,MCAC_21,5,0,Timeout
appts,MCAC_21,5,0,Timeout
pmedici,MCAC_21,5,0,Invalid
iposolver,MCAC_21,5,0,Invalid
pmedici,UNIFORM_BOOLEAN_38,5,1,
cagen,UNIFORM_BOOLEAN_38,5,2,
iposolver,UNIFORM_BOOLEAN_38,5,3,
appts,UNIFORM_BOOLEAN_38,5,4,
pmedici,MCA_27,5,0,Invalid
iposolver,MCA_27,5,0,Invalid
cagen,MCA_27,5,0,Invalid
appts,MCA_27,5,0,Invalid
pmedici,MCA_16,5,0,Invalid
iposolver,MCA_16,5,0,Invalid
cagen,MCA_16,5,0,Invalid
appts,MCA_16,5,0,Invalid
iposolver,UNIFORM_ALL_8,5,1,
cagen,UNIFORM_ALL_8,5,2,
appts,UNIFORM_ALL_8,5,3,
pmedici,UNIFORM_ALL_8,5,0,Invalid
pmedici,BOOLC_9,5,0,Invalid
cagen,BOOLC_9,5,1,
appts,BOOLC_9,5,0,Timeout
iposolver,BOOLC_9,5,0,Invalid
iposolver,UNIFORM_ALL_22,5,0,Timeout
cagen,UNIFORM_ALL_22,5,0,Timeout
appts,UNIFORM_ALL_22,5,0,Timeout
pmedici,UNIFORM_ALL_22,5,0,Invalid
cagen,MCAC_5,5,0,Timeout
appts,MCAC_5,5,0,Timeout
pmedici,MCAC_5,5,0,Invalid
iposolver,MCAC_5,5,0,Invalid
cagen,MCAC_24,5,1,
appts,MCAC_24,5,0,Timeout
pmedici,MCAC_24,5,0,Invalid
iposolver,MCAC_24,5,0,Invalid
pmedici,MCAC_37,5,1,
cagen,MCAC_37,5,2,
appts,MCAC_37,5,3,
iposolver,MCAC_37,5,0,Invalid
pmedici,UNIFORM_ALL_6,5,0,Invalid
iposolver,UNIFORM_ALL_6,5,0,Invalid
cagen,UNIFORM_ALL_6,5,0,Invalid
appts,UNIFORM_ALL_6,5,0,Invalid
cagen,MCAC_35,5,0,Timeout
appts,MCAC_35,5,0,Timeout
pmedici,MCAC_35,5,0,Invalid
iposolver,MCAC_35,5,0,Invalid
appts,MCAC_29,5,0,Timeout
pmedici,MCAC_29,5,0,Invalid
iposolver,MCAC_29,5,0,Invalid
cagen,MCAC_29,5,0,Invalid
cagen,UNIFORM_ALL_9,5,1,
iposolver,UNIFORM_ALL_9,5,0,Timeout
appts,UNIFORM_ALL_9,5,0,Timeout
pmedici,UNIFORM_ALL_9,5,0,Invalid
cagen,UNIFORM_ALL_28,5,1,
iposolver,UNIFORM_ALL_28,5,0,Timeout
appts,UNIFORM_ALL_28,5,0,Timeout
pmedici,UNIFORM_ALL_28,5,0,Invalid
pmedici,MCAC_23,5,1,
cagen,MCAC_23,5,2,
appts,MCAC_23,5,0,Timeout
iposolver,MCAC_23,5,0,Invalid
pmedici,UNIFORM_ALL_25,5,1,
iposolver,UNIFORM_ALL_25,5,2,
cagen,UNIFORM_ALL_25,5,3,
appts,UNIFORM_ALL_25,5,4,
cagen,MCAC_2,5,0,Timeout
appts,MCAC_2,5,0,Timeout
pmedici,MCAC_2,5,0,Invalid
iposolver,MCAC_2,5,0,Invalid
cagen,MCA_28,5,1,
appts,MCA_28,5,2,
iposolver,MCA_28,5,3,
pmedici,MCA_28,5,0,Invalid
cagen,MCAC_30,5,0,Timeout
appts,MCAC_30,5,0,Timeout
pmedici,MCAC_30,5,0,Invalid
iposolver,MCAC_30,5,0,Invalid
appts,MCAC_32,5,0,Timeout
pmedici,MCAC_32,5,0,Invalid
iposolver,MCAC_32,5,0,Invalid
cagen,MCAC_32,5,0,Invalid
iposolver,UNIFORM_ALL_1,5,0,Timeout
cagen,UNIFORM_ALL_1,5,0,Timeout
appts,UNIFORM_ALL_1,5,0,Timeout
pmedici,UNIFORM_ALL_1,5,0,Invalid
cagen,MCA_36,5,1,
iposolver,MCA_36,5,0,Timeout
appts,MCA_36,5,0,Timeout
pmedici,MCA_36,5,0,Invalid
pmedici,UNIFORM_BOOLEAN_18,5,1,
iposolver,UNIFORM_BOOLEAN_18,5,2,
cagen,UNIFORM_BOOLEAN_18,5,3,
appts,UNIFORM_BOOLEAN_18,5,4,
cagen,MCAC_8,5,0,Timeout
appts,MCAC_8,5,0,Timeout
pmedici,MCAC_8,5,0,Invalid
iposolver,MCAC_8,5,0,Invalid
pmedici,UNIFORM_ALL_42,5,0,Invalid
iposolver,UNIFORM_ALL_42,5,0,Invalid
cagen,UNIFORM_ALL_42,5,0,Invalid
appts,UNIFORM_ALL_42,5,0,Invalid
pmedici,UNIFORM_BOOLEAN_41,5,1,
iposolver,UNIFORM_BOOLEAN_41,5,2,
cagen,UNIFORM_BOOLEAN_41,5,3,
appts,UNIFORM_BOOLEAN_41,5,4,
pmedici,UNIFORM_BOOLEAN_14,5,1,
iposolver,UNIFORM_BOOLEAN_14,5,2,
cagen,UNIFORM_BOOLEAN_14,5,3,
appts,UNIFORM_BOOLEAN_14,5,4,
pmedici,BOOLC_34,5,0,Invalid
cagen,BOOLC_34,5,1,
appts,BOOLC_34,5,0,Invalid
iposolver,BOOLC_34,5,0,Invalid
pmedici,BOOLC_47,5,0,Invalid
appts,BOOLC_47,5,0,Timeout
iposolver,BOOLC_47,5,0,Invalid
cagen,BOOLC_47,5,0,Invalid
pmedici,UNIFORM_BOOLEAN_35,5,1,
cagen,UNIFORM_BOOLEAN_35,5,2,
iposolver,UNIFORM_BOOLEAN_35,5,3,
appts,UNIFORM_BOOLEAN_35,5,4,
pmedici,BOOLC_12,5,1,
cagen,BOOLC_12,5,2,
appts,BOOLC_12,5,3,
iposolver,BOOLC_12,5,0,Invalid
pmedici,MCAC_3,5,0,Invalid
iposolver,MCAC_3,5,0,Invalid
cagen,MCAC_3,5,0,Invalid
appts,MCAC_3,5,0,Invalid
pmedici,UNIFORM_BOOLEAN_0,5,1,
iposolver,UNIFORM_BOOLEAN_0,5,2,
cagen,UNIFORM_BOOLEAN_0,5,3,
appts,UNIFORM_BOOLEAN_0,5,4,
pmedici,BOOLC_19,5,0,Invalid
cagen,BOOLC_19,5,1,
appts,BOOLC_19,5,0,Timeout
iposolver,BOOLC_19,5,0,Invalid
pmedici,BOOLC_16,5,1,
cagen,BOOLC_16,5,2,
appts,BOOLC_16,5,0,Timeout
iposolver,BOOLC_16,5,0,Invalid
appts,MCAC_22,5,0,Timeout
pmedici,MCAC_22,5,0,Invalid
iposolver,MCAC_22,5,0,Invalid
cagen,MCAC_22,5,0,Invalid
pmedici,UNIFORM_BOOLEAN_46,5,1,
cagen,UNIFORM_BOOLEAN_46,5,2,
iposolver,UNIFORM_BOOLEAN_46,5,3,
appts,UNIFORM_BOOLEAN_46,5,4,
pmedici,BOOLC_43,5,0,Invalid
appts,BOOLC_43,5,0,Invalid
iposolver,BOOLC_43,5,0,Invalid
cagen,BOOLC_43,5,0,Invalid
pmedici,UNIFORM_BOOLEAN_13,5,1,
iposolver,UNIFORM_BOOLEAN_13,5,2,
cagen,UNIFORM_BOOLEAN_13,5,3,
appts,UNIFORM_BOOLEAN_13,5,4,
pmedici,UNIFORM_BOOLEAN_20,5,0,Invalid
iposolver,UNIFORM_BOOLEAN_20,5,0,Invalid
cagen,UNIFORM_BOOLEAN_20,5,0,Invalid
appts,UNIFORM_BOOLEAN_20,5,0,Invalid
pmedici,UNIFORM_BOOLEAN_4,5,1,
iposolver,UNIFORM_BOOLEAN_4,5,2,
cagen,UNIFORM_BOOLEAN_4,5,3,
appts,UNIFORM_BOOLEAN_4,5,4,
pmedici,UNIFORM_BOOLEAN_31,5,1,
iposolver,UNIFORM_BOOLEAN_31,5,2,
cagen,UNIFORM_BOOLEAN_31,5,3,
appts,UNIFORM_BOOLEAN_31,5,4,
cagen,UNIFORM_ALL_0,5,1,
iposolver,UNIFORM_ALL_0,5,0,Timeout
appts,UNIFORM_ALL_0,5,0,Timeout
pmedici,UNIFORM_ALL_0,5,0,Invalid
pmedici,UNIFORM_BOOLEAN_24,5,1,
iposolver,UNIFORM_BOOLEAN_24,5,2,
cagen,UNIFORM_BOOLEAN_24,5,3,
appts,UNIFORM_BOOLEAN_24,5,4,
pmedici,BOOLC_30,5,0,Invalid
appts,BOOLC_30,5,0,Timeout
iposolver,BOOLC_30,5,0,Invalid
cagen,BOOLC_30,5,0,Invalid
pmedici,UNIFORM_BOOLEAN_45,5,1,
iposolver,UNIFORM_BOOLEAN_45,5,2,
cagen,UNIFORM_BOOLEAN_45,5,3,
appts,UNIFORM_BOOLEAN_45,5,4,
pmedici,UNIFORM_BOOLEAN_10,5,1,
iposolver,UNIFORM_BOOLEAN_10,5,2,
cagen,UNIFORM_BOOLEAN_10,5,3,
appts,UNIFORM_BOOLEAN_10,5,4,
pmedici,BOOLC_33,5,0,Invalid
cagen,BOOLC_33,5,1,
appts,BOOLC_33,5,0,Timeout
iposolver,BOOLC_33,5,0,Invalid
pmedici,UNIFORM_BOOLEAN_28,5,0,Invalid
iposolver,UNIFORM_BOOLEAN_28,5,0,Invalid
cagen,UNIFORM_BOOLEAN_28,5,0,Invalid
appts,UNIFORM_BOOLEAN_28,5,0,Invalid
cagen,MCAC_4,5,0,Timeout
appts,MCAC_4,5,0,Timeout
pmedici,MCAC_4,5,0,Invalid
iposolver,MCAC_4,5,0,Invalid
pmedici,UNIFORM_BOOLEAN_7,5,1,
iposolver,UNIFORM_BOOLEAN_7,5,2,
cagen,UNIFORM_BOOLEAN_7,5,3,
appts,UNIFORM_BOOLEAN_7,5,4,
pmedici,UNIFORM_BOOLEAN_32,5,0,Invalid
iposolver,UNIFORM_BOOLEAN_32,5,0,Invalid
cagen,UNIFORM_BOOLEAN_32,5,0,Invalid
appts,UNIFORM_BOOLEAN_32,5,0,Invalid
pmedici,BOOLC_40,5,0,Invalid
cagen,BOOLC_40,5,1,
appts,BOOLC_40,5,0,Invalid
iposolver,BOOLC_40,5,0,Invalid
pmedici,BOOLC_15,5,0,Invalid
cagen,BOOLC_15,5,1,
appts,BOOLC_15,5,2,
iposolver,BOOLC_15,5,0,Invalid
pmedici,UNIFORM_BOOLEAN_27,5,1,
iposolver,UNIFORM_BOOLEAN_27,5,2,
cagen,UNIFORM_BOOLEAN_27,5,3,
appts,UNIFORM_BOOLEAN_27,5,4,
appts,MCAC_25,5,0,Timeout
pmedici,MCAC_25,5,0,Invalid
iposolver,MCAC_25,5,0,Invalid
cagen,MCAC_25,5,0,Invalid
pmedici,BOOLC_11,5,1,
cagen,BOOLC_11,5,2,
appts,BOOLC_11,5,3,
iposolver,BOOLC_11,5,0,Invalid
pmedici,BOOLC_44,5,0,Invalid
cagen,BOOLC_44,5,1,
appts,BOOLC_44,5,0,Timeout
iposolver,BOOLC_44,5,0,Invalid
cagen,UNIFORM_ALL_7,5,1,
iposolver,UNIFORM_ALL_7,5,2,
appts,UNIFORM_ALL_7,5,3,
pmedici,UNIFORM_ALL_7,5,0,Timeout
pmedici,UNIFORM_BOOLEAN_36,5,1,
iposolver,UNIFORM_BOOLEAN_36,5,2,
cagen,UNIFORM_BOOLEAN_36,5,3,
appts,UNIFORM_BOOLEAN_36,5,4,
pmedici,UNIFORM_BOOLEAN_3,5,1,
iposolver,UNIFORM_BOOLEAN_3,5,2,
cagen,UNIFORM_BOOLEAN_3,5,3,
appts,UNIFORM_BOOLEAN_3,5,4,
pmedici,UNIFORM_BOOLEAN_23,5,1,
iposolver,UNIFORM_BOOLEAN_23,5,2,
cagen,UNIFORM_BOOLEAN_23,5,3,
appts,UNIFORM_BOOLEAN_23,5,4,
pmedici,BOOLC_29,5,1,
cagen,BOOLC_29,5,2,
appts,BOOLC_29,5,3,
iposolver,BOOLC_29,5,0,Invalid
pmedici,UNIFORM_BOOLEAN_42,5,1,
iposolver,UNIFORM_BOOLEAN_42,5,2,
cagen,UNIFORM_BOOLEAN_42,5,3,
appts,UNIFORM_BOOLEAN_42,5,4,
pmedici,UNIFORM_BOOLEAN_17,5,0,Invalid
iposolver,UNIFORM_BOOLEAN_17,5,0,Invalid
cagen,UNIFORM_BOOLEAN_17,5,0,Invalid
appts,UNIFORM_BOOLEAN_17,5,0,Invalid
appts,MCAC_38,5,0,Timeout
pmedici,MCAC_38,5,0,Invalid
iposolver,MCAC_38,5,0,Invalid
cagen,MCAC_38,5,0,Invalid
pmedici,BOOLC_21,5,0,Invalid
cagen,BOOLC_21,5,1,
appts,BOOLC_21,5,2,
iposolver,BOOLC_21,5,0,Invalid
pmedici,BOOLC_48,5,0,Invalid
cagen,BOOLC_48,5,1,
appts,BOOLC_48,5,2,
iposolver,BOOLC_48,5,0,Invalid
pmedici,BOOLC_25,5,0,Invalid
cagen,BOOLC_25,5,1,
appts,BOOLC_25,5,0,Timeout
iposolver,BOOLC_25,5,0,Invalid
pmedici,BOOLC_38,5,0,Invalid
appts,BOOLC_38,5,1,
cagen,BOOLC_38,5,2,
iposolver,BOOLC_38,5,0,Invalid
pmedici,BOOLC_37,5,0,Invalid
iposolver,BOOLC_37,5,0,Invalid
cagen,BOOLC_37,5,0,Invalid
appts,BOOLC_37,5,0,Invalid
pmedici,UNIFORM_BOOLEAN_39,5,1,
iposolver,UNIFORM_BOOLEAN_39,5,2,
cagen,UNIFORM_BOOLEAN_39,5,3,
appts,UNIFORM_BOOLEAN_39,5,4,
pmedici,BOOLC_26,5,1,
cagen,BOOLC_26,5,2,
appts,BOOLC_26,5,3,
iposolver,BOOLC_26,5,0,Invalid
pmedici,UNIFORM_BOOLEAN_8,5,0,Invalid
iposolver,UNIFORM_BOOLEAN_8,5,0,Invalid
cagen,UNIFORM_BOOLEAN_8,5,0,Invalid
appts,UNIFORM_BOOLEAN_8,5,0,Invalid
pmedici,BOOLC_22,5,0,Invalid
cagen,BOOLC_22,5,1,
appts,BOOLC_22,5,0,Timeout
iposolver,BOOLC_22,5,0,Invalid
pmedici,MCA_39,5,1,
iposolver,MCA_39,5,2,
cagen,MCA_39,5,3,
appts,MCA_39,5,4,
appts,MCAC_0,5,0,Timeout
pmedici,MCAC_0,5,0,Invalid
iposolver,MCAC_0,5,0,Invalid
cagen,MCAC_0,5,0,Invalid
pmedici,MCAC_28,5,0,Invalid
iposolver,MCAC_28,5,0,Invalid
cagen,MCAC_28,5,0,Invalid
appts,MCAC_28,5,0,Invalid
pmedici,UNIFORM_BOOLEAN_49,5,1,
iposolver,UNIFORM_BOOLEAN_49,5,2,
cagen,UNIFORM_BOOLEAN_49,5,3,
appts,UNIFORM_BOOLEAN_49,5,4,
appts,MCAC_7,5,1,
pmedici,MCAC_7,5,0,Invalid
cagen,MCAC_7,5,2,
iposolver,MCAC_7,5,0,Invalid
pmedici,MCA_31,5,0,Invalid
iposolver,MCA_31,5,0,Invalid
cagen,MCA_31,5,0,Invalid
appts,MCA_31,5,0,Invalid
pmedici,MCAC_44,5,0,Invalid
iposolver,MCAC_44,5,0,Invalid
cagen,MCAC_44,5,0,Invalid
appts,MCAC_44,5,0,Invalid
pmedici,BOOLC_31,3,0,Invalid
cagen,BOOLC_31,3,1,
appts,BOOLC_31,3,2,
iposolver,BOOLC_31,3,0,Invalid
pmedici,UNIFORM_BOOLEAN_5,3,1,
iposolver,UNIFORM_BOOLEAN_5,3,2,
cagen,UNIFORM_BOOLEAN_5,3,3,
appts,UNIFORM_BOOLEAN_5,3,4,
iposolver,UNIFORM_ALL_18,3,1,
cagen,UNIFORM_ALL_18,3,2,
appts,UNIFORM_ALL_18,3,3,
pmedici,UNIFORM_ALL_18,3,0,Timeout
pmedici,UNIFORM_BOOLEAN_2,3,1,
iposolver,UNIFORM_BOOLEAN_2,3,2,
cagen,UNIFORM_BOOLEAN_2,3,3,
appts,UNIFORM_BOOLEAN_2,3,4,
pmedici,UNIFORM_BOOLEAN_43,3,1,
iposolver,UNIFORM_BOOLEAN_43,3,2,
cagen,UNIFORM_BOOLEAN_43,3,3,
appts,UNIFORM_BOOLEAN_43,3,4,
pmedici,MCAC_39,3,1,
cagen,MCAC_39,3,2,
appts,MCAC_39,3,3,
iposolver,MCAC_39,3,0,Invalid
pmedici,UNIFORM_BOOLEAN_16,3,1,
iposolver,UNIFORM_BOOLEAN_16,3,2,
cagen,UNIFORM_BOOLEAN_16,3,3,
appts,UNIFORM_BOOLEAN_16,3,4,
pmedici,UNIFORM_BOOLEAN_12,3,1,
iposolver,UNIFORM_BOOLEAN_12,3,2,
cagen,UNIFORM_BOOLEAN_12,3,3,
appts,UNIFORM_BOOLEAN_12,3,4,
iposolver,MCA_32,3,1,
cagen,MCA_32,3,2,
appts,MCA_32,3,3,
pmedici,MCA_32,3,0,Timeout
pmedici,UNIFORM_BOOLEAN_47,3,1,
iposolver,UNIFORM_BOOLEAN_47,3,2,
cagen,UNIFORM_BOOLEAN_47,3,3,
appts,UNIFORM_BOOLEAN_47,3,4,
pmedici,BOOLC_35,3,0,Invalid
cagen,BOOLC_35,3,1,
appts,BOOLC_35,3,2,
iposolver,BOOLC_35,3,0,Invalid
pmedici,UNIFORM_ALL_31,3,1,
iposolver,UNIFORM_ALL_31,3,2,
cagen,UNIFORM_ALL_31,3,3,
appts,UNIFORM_ALL_31,3,4,
pmedici,UNIFORM_ALL_48,3,1,
iposolver,UNIFORM_ALL_48,3,2,
cagen,UNIFORM_ALL_48,3,3,
appts,UNIFORM_ALL_48,3,4,
pmedici,MCAC_19,3,0,Invalid
cagen,MCAC_19,3,1,
appts,MCAC_19,3,2,
iposolver,MCAC_19,3,0,Invalid
cagen,MCA_43,3,1,
iposolver,MCA_43,3,2,
appts,MCA_43,3,3,
pmedici,MCA_43,3,0,Timeout
cagen,MCAC_14,3,1,
appts,MCAC_14,3,0,Invalid
pmedici,MCAC_14,3,0,Timeout
iposolver,MCAC_14,3,0,Invalid
pmedici,UNIFORM_BOOLEAN_33,3,1,
iposolver,UNIFORM_BOOLEAN_33,3,2,
cagen,UNIFORM_BOOLEAN_33,3,3,
appts,UNIFORM_BOOLEAN_33,3,4,
cagen,MCAC_41,3,1,
pmedici,MCAC_41,3,0,Timeout
appts,MCAC_41,3,0,Timeout
iposolver,MCAC_41,3,0,Invalid
cagen,MCAC_6,3,1,
pmedici,MCAC_6,3,0,Timeout
appts,MCAC_6,3,0,Timeout
iposolver,MCAC_6,3,0,Invalid
iposolver,MCA_21,3,1,
cagen,MCA_21,3,2,
appts,MCA_21,3,3,
pmedici,MCA_21,3,0,Timeout
iposolver,MCA_9,3,1,
cagen,MCA_9,3,2,
appts,MCA_9,3,3,
pmedici,MCA_9,3,0,Timeout
pmedici,BOOLC_13,3,0,Invalid
cagen,BOOLC_13,3,1,
appts,BOOLC_13,3,2,
iposolver,BOOLC_13,3,0,Invalid
pmedici,BOOLC_46,3,0,Invalid
cagen,BOOLC_46,3,1,
appts,BOOLC_46,3,0,Invalid
iposolver,BOOLC_46,3,0,Invalid
pmedici,UNIFORM_BOOLEAN_19,3,1,
iposolver,UNIFORM_BOOLEAN_19,3,2,
cagen,UNIFORM_BOOLEAN_19,3,3,
appts,UNIFORM_BOOLEAN_19,3,4,
pmedici,MCAC_34,3,1,
cagen,MCAC_34,3,0,Timeout
appts,MCAC_34,3,0,Timeout
iposolver,MCAC_34,3,0,Invalid
pmedici,UNIFORM_ALL_3,3,1,
iposolver,UNIFORM_ALL_3,3,2,
appts,UNIFORM_ALL_3,3,3,
cagen,UNIFORM_ALL_3,3,4,
pmedici,BOOLC_2,3,0,Invalid
cagen,BOOLC_2,3,1,
appts,BOOLC_2,3,2,
iposolver,BOOLC_2,3,0,Invalid
pmedici,UNIFORM_ALL_49,3,1,
iposolver,UNIFORM_ALL_49,3,2,
cagen,UNIFORM_ALL_49,3,3,
appts,UNIFORM_ALL_49,3,4,
pmedici,BOOLC_18,3,0,Invalid
cagen,BOOLC_18,3,1,
appts,BOOLC_18,3,2,
iposolver,BOOLC_18,3,0,Invalid
pmedici,UNIFORM_BOOLEAN_6,3,1,
iposolver,UNIFORM_BOOLEAN_6,3,2,
cagen,UNIFORM_BOOLEAN_6,3,3,
appts,UNIFORM_BOOLEAN_6,3,4,
pmedici,BOOLC_17,3,0,Invalid
cagen,BOOLC_17,3,1,
appts,BOOLC_17,3,2,
iposolver,BOOLC_17,3,0,Invalid
iposolver,UNIFORM_ALL_43,3,1,
cagen,UNIFORM_ALL_43,3,2,
appts,UNIFORM_ALL_43,3,3,
pmedici,UNIFORM_ALL_43,3,0,Timeout
pmedici,BOOLC_42,3,0,Invalid
cagen,BOOLC_42,3,1,
appts,BOOLC_42,3,2,
iposolver,BOOLC_42,3,0,Invalid
pmedici,UNIFORM_ALL_16,3,1,
iposolver,UNIFORM_ALL_16,3,2,
cagen,UNIFORM_ALL_16,3,3,
appts,UNIFORM_ALL_16,3,4,
appts,MCAC_10,3,1,
cagen,MCAC_10,3,2,
pmedici,MCAC_10,3,0,Timeout
iposolver,MCAC_10,3,0,Invalid
pmedici,UNIFORM_BOOLEAN_37,3,1,
iposolver,UNIFORM_BOOLEAN_37,3,2,
cagen,UNIFORM_BOOLEAN_37,3,3,
appts,UNIFORM_BOOLEAN_37,3,4,
appts,MCAC_45,3,1,
cagen,MCAC_45,3,2,
pmedici,MCAC_45,3,0,Timeout
iposolver,MCAC_45,3,0,Invalid
pmedici,BOOLC_24,3,1,
cagen,BOOLC_24,3,2,
appts,BOOLC_24,3,3,
iposolver,BOOLC_24,3,0,Invalid
iposolver,MCA_25,3,1,
cagen,MCA_25,3,2,
appts,MCA_25,3,3,
pmedici,MCA_25,3,0,Timeout
pmedici,UNIFORM_ALL_34,3,1,
iposolver,UNIFORM_ALL_34,3,2,
cagen,UNIFORM_ALL_34,3,3,
appts,UNIFORM_ALL_34,3,4,
cagen,MCA_19,3,1,
iposolver,MCA_19,3,2,
appts,MCA_19,3,3,
pmedici,MCA_19,3,0,Timeout
iposolver,UNIFORM_BOOLEAN_21,3,1,
pmedici,UNIFORM_BOOLEAN_21,3,2,
cagen,UNIFORM_BOOLEAN_21,3,3,
appts,UNIFORM_BOOLEAN_21,3,4,
pmedici,UNIFORM_BOOLEAN_30,3,1,
iposolver,UNIFORM_BOOLEAN_30,3,2,
cagen,UNIFORM_BOOLEAN_30,3,3,
appts,UNIFORM_BOOLEAN_30,3,4,
iposolver,MCA_12,3,1,
appts,MCA_12,3,2,
cagen,MCA_12,3,3,
pmedici,MCA_12,3,0,Timeout
pmedici,MCA_47,3,1,
iposolver,MCA_47,3,2,
cagen,MCA_47,3,3,
appts,MCA_47,3,4,
cagen,MCAC_48,3,1,
pmedici,MCAC_48,3,0,Timeout
appts,MCAC_48,3,0,Timeout
iposolver,MCAC_48,3,0,Invalid
iposolver,UNIFORM_ALL_35,3,1,
appts,UNIFORM_ALL_35,3,2,
cagen,UNIFORM_ALL_35,3,3,
pmedici,UNIFORM_ALL_35,3,0,Timeout
pmedici,UNIFORM_BOOLEAN_44,3,1,
iposolver,UNIFORM_BOOLEAN_44,3,2,
cagen,UNIFORM_BOOLEAN_44,3,3,
appts,UNIFORM_BOOLEAN_44,3,4,
pmedici,UNIFORM_BOOLEAN_11,3,1,
iposolver,UNIFORM_BOOLEAN_11,3,2,
cagen,UNIFORM_BOOLEAN_11,3,3,
appts,UNIFORM_BOOLEAN_11,3,4,
cagen,MCA_38,3,1,
iposolver,MCA_38,3,2,
appts,MCA_38,3,3,
pmedici,MCA_38,3,0,Timeout
pmedici,BOOLC_8,3,0,Invalid
cagen,BOOLC_8,3,1,
appts,BOOLC_8,3,2,
iposolver,BOOLC_8,3,0,Invalid
pmedici,BOOLC_36,3,0,Invalid
cagen,BOOLC_36,3,1,
appts,BOOLC_36,3,2,
iposolver,BOOLC_36,3,0,Invalid
cagen,MCA_6,3,1,
iposolver,MCA_6,3,2,
appts,MCA_6,3,3,
pmedici,MCA_6,3,0,Timeout
pmedici,UNIFORM_ALL_38,3,1,
iposolver,UNIFORM_ALL_38,3,2,
cagen,UNIFORM_ALL_38,3,3,
appts,UNIFORM_ALL_38,3,4,
iposolver,MCA_11,3,1,
cagen,MCA_11,3,2,
appts,MCA_11,3,3,
pmedici,MCA_11,3,0,Timeout
iposolver,MCA_44,3,1,
cagen,MCA_44,3,2,
appts,MCA_44,3,3,
pmedici,MCA_44,3,0,Timeout
pmedici,UNIFORM_BOOLEAN_15,3,1,
iposolver,UNIFORM_BOOLEAN_15,3,2,
cagen,UNIFORM_BOOLEAN_15,3,3,
appts,UNIFORM_BOOLEAN_15,3,4,
pmedici,UNIFORM_ALL_36,3,1,
iposolver,UNIFORM_ALL_36,3,2,
appts,UNIFORM_ALL_36,3,3,
cagen,UNIFORM_ALL_36,3,4,
cagen,MCA_35,3,1,
iposolver,MCA_35,3,2,
appts,MCA_35,3,3,
pmedici,MCA_35,3,0,Timeout
pmedici,BOOLC_32,3,0,Invalid
appts,BOOLC_32,3,1,
cagen,BOOLC_32,3,2,
iposolver,BOOLC_32,3,0,Invalid
pmedici,UNIFORM_BOOLEAN_40,3,1,
iposolver,UNIFORM_BOOLEAN_40,3,2,
cagen,UNIFORM_BOOLEAN_40,3,3,
appts,UNIFORM_BOOLEAN_40,3,4,
pmedici,BOOLC_14,3,0,Invalid
cagen,BOOLC_14,3,1,
appts,BOOLC_14,3,2,
iposolver,BOOLC_14,3,0,Invalid
pmedici,BOOLC_41,3,0,Invalid
cagen,BOOLC_41,3,1,
appts,BOOLC_41,3,2,
iposolver,BOOLC_41,3,0,Invalid
pmedici,UNIFORM_ALL_26,3,1,
iposolver,UNIFORM_ALL_26,3,2,
cagen,UNIFORM_ALL_26,3,3,
appts,UNIFORM_ALL_26,3,4,
cagen,MCAC_13,3,1,
pmedici,MCAC_13,3,0,Timeout
appts,MCAC_13,3,0,Timeout
iposolver,MCAC_13,3,0,Invalid
iposolver,MCA_26,3,1,
cagen,MCA_26,3,2,
appts,MCA_26,3,3,
pmedici,MCA_26,3,0,Timeout
cagen,MCAC_46,3,1,
pmedici,MCAC_46,3,0,Timeout
appts,MCAC_46,3,0,Timeout
iposolver,MCAC_46,3,0,Invalid
pmedici,UNIFORM_BOOLEAN_34,3,1,
iposolver,UNIFORM_BOOLEAN_34,3,2,
cagen,UNIFORM_BOOLEAN_34,3,3,
appts,UNIFORM_BOOLEAN_34,3,4,
pmedici,MCAC_1,3,1,
cagen,MCAC_1,3,2,
appts,MCAC_1,3,3,
iposolver,MCAC_1,3,0,Invalid
pmedici,BOOLC_5,3,1,
cagen,BOOLC_5,3,2,
appts,BOOLC_5,3,3,
iposolver,BOOLC_5,3,0,Invalid
iposolver,UNIFORM_ALL_4,3,1,
cagen,UNIFORM_ALL_4,3,2,
appts,UNIFORM_ALL_4,3,3,
pmedici,UNIFORM_ALL_4,3,0,Timeout
pmedici,MCA_18,3,0,Invalid
iposolver,MCA_18,3,0,Invalid
cagen,MCA_18,3,0,Invalid
appts,MCA_18,3,0,Invalid
pmedici,MCAC_33,3,0,Timeout
cagen,MCAC_33,3,0,Timeout
appts,MCAC_33,3,0,Timeout
iposolver,MCAC_33,3,0,Invalid
pmedici,UNIFORM_BOOLEAN_29,3,1,
iposolver,UNIFORM_BOOLEAN_29,3,2,
cagen,UNIFORM_BOOLEAN_29,3,3,
appts,UNIFORM_BOOLEAN_29,3,4,
pmedici,MCAC_17,3,0,Invalid
cagen,MCAC_17,3,1,
appts,MCAC_17,3,2,
iposolver,MCAC_17,3,0,Invalid
pmedici,MCA_22,3,0,Invalid
iposolver,MCA_22,3,0,Invalid
cagen,MCA_22,3,0,Invalid
appts,MCA_22,3,0,Invalid
pmedici,MCA_8,3,1,
iposolver,MCA_8,3,2,
cagen,MCA_8,3,3,
appts,MCA_8,3,4,
pmedici,MCAC_18,3,1,
cagen,MCAC_18,3,2,
appts,MCAC_18,3,3,
iposolver,MCAC_18,3,0,Invalid
pmedici,BOOLC_23,3,1,
cagen,BOOLC_23,3,2,
appts,BOOLC_23,3,3,
iposolver,BOOLC_23,3,0,Invalid
pmedici,MCAC_42,3,0,Timeout
cagen,MCAC_42,3,0,Timeout
appts,MCAC_42,3,0,Timeout
iposolver,MCAC_42,3,0,Invalid
pmedici,UNIFORM_ALL_44,3,1,
iposolver,UNIFORM_ALL_44,3,2,
cagen,UNIFORM_ALL_44,3,3,
appts,UNIFORM_ALL_44,3,4,
pmedici,BOOLC_10,3,0,Invalid
cagen,BOOLC_10,3,1,
appts,BOOLC_10,3,2,
iposolver,BOOLC_10,3,0,Invalid
pmedici,UNIFORM_ALL_11,3,1,
iposolver,UNIFORM_ALL_11,3,2,
appts,UNIFORM_ALL_11,3,3,
cagen,UNIFORM_ALL_11,3,4,
pmedici,BOOLC_45,3,0,Invalid
appts,BOOLC_45,3,1,
cagen,BOOLC_45,3,2,
iposolver,BOOLC_45,3,0,Invalid
pmedici,BOOLC_28,3,0,Invalid
cagen,BOOLC_28,3,1,
appts,BOOLC_28,3,2,
iposolver,BOOLC_28,3,0,Invalid
pmedici,UNIFORM_BOOLEAN_9,3,1,
iposolver,UNIFORM_BOOLEAN_9,3,2,
cagen,UNIFORM_BOOLEAN_9,3,3,
appts,UNIFORM_BOOLEAN_9,3,4,
iposolver,UNIFORM_ALL_33,3,1,
cagen,UNIFORM_ALL_33,3,2,
appts,UNIFORM_ALL_33,3,3,
pmedici,UNIFORM_ALL_33,3,0,Timeout
cagen,MCA_49,3,1,
iposolver,MCA_49,3,2,
appts,MCA_49,3,3,
pmedici,MCA_49,3,0,Timeout
pmedici,UNIFORM_BOOLEAN_26,3,1,
iposolver,UNIFORM_BOOLEAN_26,3,2,
cagen,UNIFORM_BOOLEAN_26,3,3,
appts,UNIFORM_BOOLEAN_26,3,4,
pmedici,UNIFORM_ALL_32,3,1,
iposolver,UNIFORM_ALL_32,3,2,
appts,UNIFORM_ALL_32,3,3,
cagen,UNIFORM_ALL_32,3,4,
cagen,MCA_15,3,1,
iposolver,MCA_15,3,2,
pmedici,MCA_15,3,0,Timeout
appts,MCA_15,3,0,Timeout
pmedici,MCA_40,3,1,
iposolver,MCA_40,3,2,
cagen,MCA_40,3,3,
appts,MCA_40,3,4,
pmedici,UNIFORM_BOOLEAN_22,3,1,
iposolver,UNIFORM_BOOLEAN_22,3,2,
cagen,UNIFORM_BOOLEAN_22,3,3,
appts,UNIFORM_BOOLEAN_22,3,4,
pmedici,UNIFORM_ALL_46,3,1,
iposolver,UNIFORM_ALL_46,3,2,
cagen,UNIFORM_ALL_46,3,3,
appts,UNIFORM_ALL_46,3,4,
pmedici,UNIFORM_ALL_13,3,1,
iposolver,UNIFORM_ALL_13,3,2,
cagen,UNIFORM_ALL_13,3,3,
appts,UNIFORM_ALL_13,3,4,
pmedici,BOOLC_4,3,0,Invalid
cagen,BOOLC_4,3,1,
appts,BOOLC_4,3,0,Invalid
iposolver,BOOLC_4,3,0,Invalid
iposolver,UNIFORM_ALL_20,3,1,
cagen,UNIFORM_ALL_20,3,2,
appts,UNIFORM_ALL_20,3,3,
pmedici,UNIFORM_ALL_20,3,0,Timeout
cagen,MCAC_9,3,1,
pmedici,MCAC_9,3,0,Timeout
appts,MCAC_9,3,0,Timeout
iposolver,MCAC_9,3,0,Invalid
pmedici,MCAC_47,3,0,Invalid
cagen,MCAC_47,3,1,
appts,MCAC_47,3,2,
iposolver,MCAC_47,3,0,Invalid
pmedici,MCAC_12,3,1,
cagen,MCAC_12,3,2,
appts,MCAC_12,3,3,
iposolver,MCAC_12,3,0,Invalid
pmedici,MCA_0,3,1,
iposolver,MCA_0,3,2,
cagen,MCA_0,3,3,
appts,MCA_0,3,4,
pmedici,UNIFORM_ALL_19,3,1,
iposolver,UNIFORM_ALL_19,3,2,
cagen,UNIFORM_ALL_19,3,3,
appts,UNIFORM_ALL_19,3,4,
pmedici,MCA_2,3,1,
iposolver,MCA_2,3,2,
cagen,MCA_2,3,3,
appts,MCA_2,3,4,
pmedici,UNIFORM_BOOLEAN_1,3,1,
iposolver,UNIFORM_BOOLEAN_1,3,2,
cagen,UNIFORM_BOOLEAN_1,3,3,
appts,UNIFORM_BOOLEAN_1,3,4,
iposolver,UNIFORM_ALL_24,3,1,
cagen,UNIFORM_ALL_24,3,2,
appts,UNIFORM_ALL_24,3,3,
pmedici,UNIFORM_ALL_24,3,0,Timeout
pmedici,BOOLC_20,3,0,Invalid
cagen,BOOLC_20,3,1,
appts,BOOLC_20,3,2,
iposolver,BOOLC_20,3,0,Invalid
pmedici,BOOLC_6,3,0,Invalid
cagen,BOOLC_6,3,1,
appts,BOOLC_6,3,0,Invalid
iposolver,BOOLC_6,3,0,Invalid
iposolver,MCA_14,3,1,
cagen,MCA_14,3,2,
appts,MCA_14,3,3,
pmedici,MCA_14,3,0,Timeout
pmedici,UNIFORM_ALL_5,3,1,
iposolver,UNIFORM_ALL_5,3,2,
cagen,UNIFORM_ALL_5,3,3,
appts,UNIFORM_ALL_5,3,4,
cagen,MCA_41,3,1,
iposolver,MCA_41,3,2,
appts,MCA_41,3,3,
pmedici,MCA_41,3,0,Timeout
pmedici,BOOLC_49,3,1,
cagen,BOOLC_49,3,2,
appts,BOOLC_49,3,3,
iposolver,BOOLC_49,3,0,Invalid
pmedici,MCAC_27,3,1,
cagen,MCAC_27,3,2,
appts,MCAC_27,3,0,Timeout
iposolver,MCAC_27,3,0,Invalid
cagen,MCA_4,3,1,
iposolver,MCA_4,3,2,
appts,MCA_4,3,3,
pmedici,MCA_4,3,0,Timeout
cagen,MCA_10,3,1,
iposolver,MCA_10,3,2,
appts,MCA_10,3,3,
pmedici,MCA_10,3,0,Timeout
pmedici,MCA_45,3,1,
iposolver,MCA_45,3,2,
cagen,MCA_45,3,3,
appts,MCA_45,3,4,
pmedici,MCA_23,3,1,
iposolver,MCA_23,3,2,
cagen,MCA_23,3,3,
appts,MCA_23,3,4,
cagen,MCAC_36,3,1,
pmedici,MCAC_36,3,0,Timeout
appts,MCAC_36,3,0,Timeout
iposolver,MCAC_36,3,0,Invalid
pmedici,UNIFORM_ALL_30,3,1,
iposolver,UNIFORM_ALL_30,3,2,
appts,UNIFORM_ALL_30,3,3,
cagen,UNIFORM_ALL_30,3,4,
pmedici,UNIFORM_ALL_17,3,1,
iposolver,UNIFORM_ALL_17,3,2,
cagen,UNIFORM_ALL_17,3,3,
appts,UNIFORM_ALL_17,3,4,
pmedici,BOOLC_0,3,0,Invalid
appts,BOOLC_0,3,1,
cagen,BOOLC_0,3,2,
iposolver,BOOLC_0,3,0,Invalid
pmedici,MCAC_43,3,0,Timeout
cagen,MCAC_43,3,0,Timeout
appts,MCAC_43,3,0,Timeout
iposolver,MCAC_43,3,0,Invalid
cagen,MCAC_16,3,1,
pmedici,MCAC_16,3,0,Timeout
appts,MCAC_16,3,0,Timeout
iposolver,MCAC_16,3,0,Invalid
iposolver,UNIFORM_ALL_47,3,1,
cagen,UNIFORM_ALL_47,3,2,
appts,UNIFORM_ALL_47,3,3,
pmedici,UNIFORM_ALL_47,3,0,Timeout
pmedici,UNIFORM_BOOLEAN_48,3,1,
iposolver,UNIFORM_BOOLEAN_48,3,2,
cagen,UNIFORM_BOOLEAN_48,3,3,
appts,UNIFORM_BOOLEAN_48,3,4,
pmedici,UNIFORM_ALL_12,3,1,
iposolver,UNIFORM_ALL_12,3,2,
cagen,UNIFORM_ALL_12,3,3,
appts,UNIFORM_ALL_12,3,4,
iposolver,UNIFORM_ALL_27,3,1,
cagen,UNIFORM_ALL_27,3,2,
appts,UNIFORM_ALL_27,3,3,
pmedici,UNIFORM_ALL_27,3,0,Timeout
pmedici,UNIFORM_ALL_41,3,1,
iposolver,UNIFORM_ALL_41,3,2,
cagen,UNIFORM_ALL_41,3,3,
appts,UNIFORM_ALL_41,3,4,
pmedici,BOOLC_3,3,0,Invalid
cagen,BOOLC_3,3,1,
appts,BOOLC_3,3,0,Invalid
iposolver,BOOLC_3,3,0,Invalid
pmedici,UNIFORM_ALL_14,3,1,
iposolver,UNIFORM_ALL_14,3,2,
appts,UNIFORM_ALL_14,3,3,
cagen,UNIFORM_ALL_14,3,4,
pmedici,MCAC_40,3,1,
cagen,MCAC_40,3,2,
appts,MCAC_40,3,3,
iposolver,MCAC_40,3,0,Invalid
pmedici,MCAC_15,3,0,Timeout
cagen,MCAC_15,3,0,Timeout
appts,MCAC_15,3,0,Timeout
iposolver,MCAC_15,3,0,Invalid
pmedici,BOOLC_39,3,0,Invalid
cagen,BOOLC_39,3,1,
appts,BOOLC_39,3,2,
iposolver,BOOLC_39,3,0,Invalid
iposolver,MCA_29,3,1,
cagen,MCA_29,3,2,
pmedici,MCA_29,3,0,Timeout
appts,MCA_29,3,0,Timeout
iposolver,MCA_5,3,1,
cagen,MCA_5,3,2,
pmedici,MCA_5,3,0,Timeout
appts,MCA_5,3,0,Timeout
iposolver,UNIFORM_ALL_39,3,1,
cagen,UNIFORM_ALL_39,3,2,
appts,UNIFORM_ALL_39,3,3,
pmedici,UNIFORM_ALL_39,3,0,Timeout
pmedici,MCA_7,3,1,
iposolver,MCA_7,3,2,
cagen,MCA_7,3,3,
appts,MCA_7,3,4,
iposolver,MCA_13,3,1,
appts,MCA_13,3,2,
cagen,MCA_13,3,3,
pmedici,MCA_13,3,0,Timeout
pmedici,BOOLC_1,3,0,Invalid
cagen,BOOLC_1,3,1,
appts,BOOLC_1,3,2,
iposolver,BOOLC_1,3,0,Invalid
iposolver,MCA_46,3,1,
cagen,MCA_46,3,2,
appts,MCA_46,3,3,
pmedici,MCA_46,3,0,Timeout
iposolver,UNIFORM_ALL_2,3,1,
cagen,UNIFORM_ALL_2,3,2,
appts,UNIFORM_ALL_2,3,3,
pmedici,UNIFORM_ALL_2,3,0,Timeout
pmedici,BOOLC_27,3,0,Invalid
cagen,BOOLC_27,3,1,
appts,BOOLC_27,3,2,
iposolver,BOOLC_27,3,0,Invalid
iposolver,UNIFORM_ALL_23,3,1,
appts,UNIFORM_ALL_23,3,2,
cagen,UNIFORM_ALL_23,3,3,
pmedici,UNIFORM_ALL_23,3,0,Timeout
iposolver,MCA_37,3,1,
cagen,MCA_37,3,2,
appts,MCA_37,3,3,
pmedici,MCA_37,3,0,Timeout
cagen,MCAC_49,3,1,
appts,MCAC_49,3,2,
pmedici,MCAC_49,3,0,Timeout
iposolver,MCAC_49,3,0,Invalid
iposolver,MCA_3,3,1,
cagen,MCA_3,3,2,
pmedici,MCA_3,3,0,Timeout
appts,MCA_3,3,0,Timeout
iposolver,UNIFORM_ALL_29,3,1,
cagen,UNIFORM_ALL_29,3,2,
appts,UNIFORM_ALL_29,3,3,
pmedici,UNIFORM_ALL_29,3,0,Timeout
pmedici,MCA_1,3,0,Invalid
iposolver,MCA_1,3,0,Invalid
cagen,MCA_1,3,0,Invalid
appts,MCA_1,3,0,Invalid
pmedici,MCAC_20,3,1,
cagen,MCAC_20,3,2,
appts,MCAC_20,3,3,
iposolver,MCAC_20,3,0,Invalid
cagen,MCA_24,3,1,
iposolver,MCA_24,3,2,
appts,MCA_24,3,3,
pmedici,MCA_24,3,0,Timeout
pmedici,MCA_17,3,1,
iposolver,MCA_17,3,2,
cagen,MCA_17,3,3,
appts,MCA_17,3,4,
iposolver,MCA_42,3,1,
cagen,MCA_42,3,2,
appts,MCA_42,3,3,
pmedici,MCA_42,3,0,Timeout
iposolver,UNIFORM_ALL_45,3,1,
cagen,UNIFORM_ALL_45,3,2,
appts,UNIFORM_ALL_45,3,3,
pmedici,UNIFORM_ALL_45,3,0,Timeout
pmedici,UNIFORM_ALL_37,3,0,Invalid
iposolver,UNIFORM_ALL_37,3,0,Invalid
cagen,UNIFORM_ALL_37,3,0,Invalid
appts,UNIFORM_ALL_37,3,0,Invalid
pmedici,BOOLC_7,3,0,Invalid
cagen,BOOLC_7,3,1,
appts,BOOLC_7,3,2,
iposolver,BOOLC_7,3,0,Invalid
pmedici,UNIFORM_ALL_10,3,1,
iposolver,UNIFORM_ALL_10,3,2,
cagen,UNIFORM_ALL_10,3,3,
appts,UNIFORM_ALL_10,3,4,
pmedici,MCAC_31,3,0,Timeout
cagen,MCAC_31,3,0,Timeout
appts,MCAC_31,3,0,Timeout
iposolver,MCAC_31,3,0,Invalid
iposolver,UNIFORM_ALL_40,3,1,
appts,UNIFORM_ALL_40,3,2,
cagen,UNIFORM_ALL_40,3,3,
pmedici,UNIFORM_ALL_40,3,0,Timeout
pmedici,UNIFORM_ALL_15,3,0,Invalid
iposolver,UNIFORM_ALL_15,3,0,Invalid
cagen,UNIFORM_ALL_15,3,0,Invalid
appts,UNIFORM_ALL_15,3,0,Invalid
pmedici,MCAC_11,3,1,
cagen,MCAC_11,3,2,
appts,MCAC_11,3,0,Timeout
iposolver,MCAC_11,3,0,Invalid
pmedici,UNIFORM_BOOLEAN_25,3,0,Invalid
iposolver,UNIFORM_BOOLEAN_25,3,0,Invalid
cagen,UNIFORM_BOOLEAN_25,3,0,Invalid
appts,UNIFORM_BOOLEAN_25,3,0,Invalid
pmedici,MCA_33,3,0,Invalid
iposolver,MCA_33,3,0,Invalid
cagen,MCA_33,3,0,Invalid
appts,MCA_33,3,0,Invalid
pmedici,MCAC_26,3,0,Timeout
cagen,MCAC_26,3,0,Timeout
appts,MCAC_26,3,0,Timeout
iposolver,MCAC_26,3,0,Invalid
iposolver,MCA_20,3,1,
cagen,MCA_20,3,2,
appts,MCA_20,3,3,
pmedici,MCA_20,3,0,Timeout
pmedici,MCA_48,3,1,
iposolver,MCA_48,3,2,
cagen,MCA_48,3,3,
appts,MCA_48,3,4,
iposolver,MCA_34,3,1,
cagen,MCA_34,3,2,
appts,MCA_34,3,3,
pmedici,MCA_34,3,0,Timeout
pmedici,MCA_30,3,0,Invalid
iposolver,MCA_30,3,0,Invalid
cagen,MCA_30,3,0,Invalid
appts,MCA_30,3,0,Invalid
pmedici,UNIFORM_ALL_21,3,1,
iposolver,UNIFORM_ALL_21,3,2,
appts,UNIFORM_ALL_21,3,3,
cagen,UNIFORM_ALL_21,3,4,
cagen,MCAC_21,3,1,
pmedici,MCAC_21,3,0,Timeout
appts,MCAC_21,3,0,Timeout
iposolver,MCAC_21,3,0,Invalid
pmedici,UNIFORM_BOOLEAN_38,3,1,
iposolver,UNIFORM_BOOLEAN_38,3,2,
cagen,UNIFORM_BOOLEAN_38,3,3,
appts,UNIFORM_BOOLEAN_38,3,4,
pmedici,MCA_27,3,1,
iposolver,MCA_27,3,2,
cagen,MCA_27,3,3,
appts,MCA_27,3,4,
pmedici,MCA_16,3,1,
iposolver,MCA_16,3,2,
cagen,MCA_16,3,3,
appts,MCA_16,3,4,
iposolver,UNIFORM_ALL_8,3,1,
cagen,UNIFORM_ALL_8,3,2,
appts,UNIFORM_ALL_8,3,3,
pmedici,UNIFORM_ALL_8,3,0,Timeout
pmedici,BOOLC_9,3,0,Invalid
cagen,BOOLC_9,3,1,
appts,BOOLC_9,3,2,
iposolver,BOOLC_9,3,0,Invalid
iposolver,UNIFORM_ALL_22,3,1,
appts,UNIFORM_ALL_22,3,2,
cagen,UNIFORM_ALL_22,3,3,
pmedici,UNIFORM_ALL_22,3,0,Timeout
cagen,MCAC_5,3,1,
pmedici,MCAC_5,3,0,Timeout
appts,MCAC_5,3,0,Timeout
iposolver,MCAC_5,3,0,Invalid
cagen,MCAC_24,3,1,
appts,MCAC_24,3,2,
pmedici,MCAC_24,3,0,Timeout
iposolver,MCAC_24,3,0,Invalid
pmedici,MCAC_37,3,1,
cagen,MCAC_37,3,2,
appts,MCAC_37,3,3,
iposolver,MCAC_37,3,0,Invalid
pmedici,UNIFORM_ALL_6,3,1,
iposolver,UNIFORM_ALL_6,3,2,
appts,UNIFORM_ALL_6,3,3,
cagen,UNIFORM_ALL_6,3,4,
cagen,MCAC_35,3,1,
pmedici,MCAC_35,3,0,Timeout
appts,MCAC_35,3,0,Timeout
iposolver,MCAC_35,3,0,Invalid
pmedici,MCAC_29,3,0,Timeout
cagen,MCAC_29,3,0,Timeout
appts,MCAC_29,3,0,Timeout
iposolver,MCAC_29,3,0,Invalid
pmedici,UNIFORM_ALL_9,3,1,
iposolver,UNIFORM_ALL_9,3,2,
cagen,UNIFORM_ALL_9,3,3,
appts,UNIFORM_ALL_9,3,4,
pmedici,UNIFORM_ALL_28,3,1,
iposolver,UNIFORM_ALL_28,3,2,
cagen,UNIFORM_ALL_28,3,3,
appts,UNIFORM_ALL_28,3,4,
pmedici,MCAC_23,3,0,Invalid
cagen,MCAC_23,3,1,
appts,MCAC_23,3,2,
iposolver,MCAC_23,3,0,Invalid
pmedici,UNIFORM_ALL_25,3,1,
iposolver,UNIFORM_ALL_25,3,2,
cagen,UNIFORM_ALL_25,3,3,
appts,UNIFORM_ALL_25,3,4,
cagen,MCAC_2,3,1,
appts,MCAC_2,3,2,
pmedici,MCAC_2,3,0,Timeout
iposolver,MCAC_2,3,0,Invalid
iposolver,MCA_28,3,1,
cagen,MCA_28,3,2,
appts,MCA_28,3,3,
pmedici,MCA_28,3,0,Timeout
cagen,MCAC_30,3,1,
appts,MCAC_30,3,2,
pmedici,MCAC_30,3,0,Timeout
iposolver,MCAC_30,3,0,Invalid
pmedici,MCAC_32,3,0,Timeout
cagen,MCAC_32,3,0,Timeout
appts,MCAC_32,3,0,Timeout
iposolver,MCAC_32,3,0,Invalid
iposolver,UNIFORM_ALL_1,3,1,
cagen,UNIFORM_ALL_1,3,2,
appts,UNIFORM_ALL_1,3,3,
pmedici,UNIFORM_ALL_1,3,0,Timeout
iposolver,MCA_36,3,1,
cagen,MCA_36,3,2,
appts,MCA_36,3,3,
pmedici,MCA_36,3,0,Timeout
pmedici,UNIFORM_BOOLEAN_18,3,1,
iposolver,UNIFORM_BOOLEAN_18,3,2,
cagen,UNIFORM_BOOLEAN_18,3,3,
appts,UNIFORM_BOOLEAN_18,3,4,
cagen,MCAC_8,3,1,
pmedici,MCAC_8,3,0,Timeout
appts,MCAC_8,3,0,Timeout
iposolver,MCAC_8,3,0,Invalid
pmedici,UNIFORM_ALL_42,3,0,Invalid
iposolver,UNIFORM_ALL_42,3,0,Invalid
cagen,UNIFORM_ALL_42,3,0,Invalid
appts,UNIFORM_ALL_42,3,0,Invalid
pmedici,UNIFORM_BOOLEAN_41,3,1,
iposolver,UNIFORM_BOOLEAN_41,3,2,
cagen,UNIFORM_BOOLEAN_41,3,3,
appts,UNIFORM_BOOLEAN_41,3,4,
pmedici,UNIFORM_BOOLEAN_14,3,1,
iposolver,UNIFORM_BOOLEAN_14,3,2,
cagen,UNIFORM_BOOLEAN_14,3,3,
appts,UNIFORM_BOOLEAN_14,3,4,
pmedici,BOOLC_34,3,0,Invalid
cagen,BOOLC_34,3,1,
appts,BOOLC_34,3,0,Invalid
iposolver,BOOLC_34,3,0,Invalid
pmedici,BOOLC_47,3,0,Invalid
appts,BOOLC_47,3,0,Invalid
cagen,BOOLC_47,3,0,Timeout
iposolver,BOOLC_47,3,0,Invalid
pmedici,UNIFORM_BOOLEAN_35,3,1,
iposolver,UNIFORM_BOOLEAN_35,3,2,
cagen,UNIFORM_BOOLEAN_35,3,3,
appts,UNIFORM_BOOLEAN_35,3,4,
pmedici,BOOLC_12,3,1,
cagen,BOOLC_12,3,2,
appts,BOOLC_12,3,3,
iposolver,BOOLC_12,3,0,Invalid
pmedici,MCAC_3,3,1,
cagen,MCAC_3,3,2,
appts,MCAC_3,3,3,
iposolver,MCAC_3,3,0,Invalid
pmedici,UNIFORM_BOOLEAN_0,3,1,
iposolver,UNIFORM_BOOLEAN_0,3,2,
cagen,UNIFORM_BOOLEAN_0,3,3,
appts,UNIFORM_BOOLEAN_0,3,4,
pmedici,BOOLC_19,3,0,Invalid
cagen,BOOLC_19,3,1,
appts,BOOLC_19,3,0,Invalid
iposolver,BOOLC_19,3,0,Invalid
pmedici,BOOLC_16,3,0,Invalid
cagen,BOOLC_16,3,1,
appts,BOOLC_16,3,2,
iposolver,BOOLC_16,3,0,Invalid
pmedici,MCAC_22,3,0,Timeout
cagen,MCAC_22,3,0,Timeout
appts,MCAC_22,3,0,Timeout
iposolver,MCAC_22,3,0,Invalid
pmedici,UNIFORM_BOOLEAN_46,3,1,
iposolver,UNIFORM_BOOLEAN_46,3,2,
cagen,UNIFORM_BOOLEAN_46,3,3,
appts,UNIFORM_BOOLEAN_46,3,4,
pmedici,BOOLC_43,3,0,Invalid
appts,BOOLC_43,3,0,Invalid
cagen,BOOLC_43,3,0,Timeout
iposolver,BOOLC_43,3,0,Invalid
pmedici,UNIFORM_BOOLEAN_13,3,1,
iposolver,UNIFORM_BOOLEAN_13,3,2,
cagen,UNIFORM_BOOLEAN_13,3,3,
appts,UNIFORM_BOOLEAN_13,3,4,
pmedici,UNIFORM_BOOLEAN_20,3,1,
iposolver,UNIFORM_BOOLEAN_20,3,2,
cagen,UNIFORM_BOOLEAN_20,3,3,
appts,UNIFORM_BOOLEAN_20,3,4,
pmedici,UNIFORM_BOOLEAN_4,3,1,
iposolver,UNIFORM_BOOLEAN_4,3,2,
cagen,UNIFORM_BOOLEAN_4,3,3,
appts,UNIFORM_BOOLEAN_4,3,4,
pmedici,UNIFORM_BOOLEAN_31,3,1,
iposolver,UNIFORM_BOOLEAN_31,3,2,
cagen,UNIFORM_BOOLEAN_31,3,3,
appts,UNIFORM_BOOLEAN_31,3,4,
iposolver,UNIFORM_ALL_0,3,1,
cagen,UNIFORM_ALL_0,3,2,
appts,UNIFORM_ALL_0,3,3,
pmedici,UNIFORM_ALL_0,3,0,Timeout
pmedici,UNIFORM_BOOLEAN_24,3,1,
iposolver,UNIFORM_BOOLEAN_24,3,2,
cagen,UNIFORM_BOOLEAN_24,3,3,
appts,UNIFORM_BOOLEAN_24,3,4,
pmedici,BOOLC_30,3,0,Invalid
appts,BOOLC_30,3,0,Invalid
cagen,BOOLC_30,3,0,Timeout
iposolver,BOOLC_30,3,0,Invalid
pmedici,UNIFORM_BOOLEAN_45,3,1,
iposolver,UNIFORM_BOOLEAN_45,3,2,
cagen,UNIFORM_BOOLEAN_45,3,3,
appts,UNIFORM_BOOLEAN_45,3,4,
pmedici,UNIFORM_BOOLEAN_10,3,1,
iposolver,UNIFORM_BOOLEAN_10,3,2,
cagen,UNIFORM_BOOLEAN_10,3,3,
appts,UNIFORM_BOOLEAN_10,3,4,
pmedici,BOOLC_33,3,0,Invalid
cagen,BOOLC_33,3,1,
appts,BOOLC_33,3,0,Invalid
iposolver,BOOLC_33,3,0,Invalid
pmedici,UNIFORM_BOOLEAN_28,3,1,
iposolver,UNIFORM_BOOLEAN_28,3,2,
cagen,UNIFORM_BOOLEAN_28,3,3,
appts,UNIFORM_BOOLEAN_28,3,4,
cagen,MCAC_4,3,1,
pmedici,MCAC_4,3,0,Timeout
appts,MCAC_4,3,0,Timeout
iposolver,MCAC_4,3,0,Invalid
pmedici,UNIFORM_BOOLEAN_7,3,1,
iposolver,UNIFORM_BOOLEAN_7,3,2,
cagen,UNIFORM_BOOLEAN_7,3,3,
appts,UNIFORM_BOOLEAN_7,3,4,
pmedici,UNIFORM_BOOLEAN_32,3,1,
iposolver,UNIFORM_BOOLEAN_32,3,2,
cagen,UNIFORM_BOOLEAN_32,3,3,
appts,UNIFORM_BOOLEAN_32,3,4,
pmedici,BOOLC_40,3,0,Invalid
cagen,BOOLC_40,3,1,
appts,BOOLC_40,3,0,Invalid
iposolver,BOOLC_40,3,0,Invalid
pmedici,BOOLC_15,3,0,Invalid
cagen,BOOLC_15,3,1,
appts,BOOLC_15,3,2,
iposolver,BOOLC_15,3,0,Invalid
pmedici,UNIFORM_BOOLEAN_27,3,1,
iposolver,UNIFORM_BOOLEAN_27,3,2,
cagen,UNIFORM_BOOLEAN_27,3,3,
appts,UNIFORM_BOOLEAN_27,3,4,
pmedici,MCAC_25,3,0,Timeout
cagen,MCAC_25,3,0,Timeout
appts,MCAC_25,3,0,Timeout
iposolver,MCAC_25,3,0,Invalid
pmedici,BOOLC_11,3,0,Invalid
cagen,BOOLC_11,3,1,
appts,BOOLC_11,3,2,
iposolver,BOOLC_11,3,0,Invalid
pmedici,BOOLC_44,3,0,Invalid
cagen,BOOLC_44,3,1,
appts,BOOLC_44,3,0,Invalid
iposolver,BOOLC_44,3,0,Invalid
pmedici,UNIFORM_ALL_7,3,1,
iposolver,UNIFORM_ALL_7,3,2,
cagen,UNIFORM_ALL_7,3,3,
appts,UNIFORM_ALL_7,3,4,
pmedici,UNIFORM_BOOLEAN_36,3,1,
iposolver,UNIFORM_BOOLEAN_36,3,2,
cagen,UNIFORM_BOOLEAN_36,3,3,
appts,UNIFORM_BOOLEAN_36,3,4,
pmedici,UNIFORM_BOOLEAN_3,3,1,
iposolver,UNIFORM_BOOLEAN_3,3,2,
cagen,UNIFORM_BOOLEAN_3,3,3,
appts,UNIFORM_BOOLEAN_3,3,4,
pmedici,UNIFORM_BOOLEAN_23,3,1,
iposolver,UNIFORM_BOOLEAN_23,3,2,
cagen,UNIFORM_BOOLEAN_23,3,3,
appts,UNIFORM_BOOLEAN_23,3,4,
pmedici,BOOLC_29,3,0,Invalid
cagen,BOOLC_29,3,1,
appts,BOOLC_29,3,2,
iposolver,BOOLC_29,3,0,Invalid
pmedici,UNIFORM_BOOLEAN_42,3,1,
iposolver,UNIFORM_BOOLEAN_42,3,2,
cagen,UNIFORM_BOOLEAN_42,3,3,
appts,UNIFORM_BOOLEAN_42,3,4,
pmedici,UNIFORM_BOOLEAN_17,3,0,Invalid
iposolver,UNIFORM_BOOLEAN_17,3,0,Invalid
cagen,UNIFORM_BOOLEAN_17,3,0,Invalid
appts,UNIFORM_BOOLEAN_17,3,0,Invalid
pmedici,MCAC_38,3,1,
cagen,MCAC_38,3,0,Timeout
appts,MCAC_38,3,0,Timeout
iposolver,MCAC_38,3,0,Invalid
pmedici,BOOLC_21,3,0,Invalid
cagen,BOOLC_21,3,1,
appts,BOOLC_21,3,2,
iposolver,BOOLC_21,3,0,Invalid
pmedici,BOOLC_48,3,0,Invalid
cagen,BOOLC_48,3,1,
appts,BOOLC_48,3,2,
iposolver,BOOLC_48,3,0,Invalid
pmedici,BOOLC_25,3,0,Invalid
cagen,BOOLC_25,3,1,
appts,BOOLC_25,3,2,
iposolver,BOOLC_25,3,0,Invalid
pmedici,BOOLC_38,3,0,Invalid
cagen,BOOLC_38,3,1,
appts,BOOLC_38,3,2,
iposolver,BOOLC_38,3,0,Invalid
pmedici,BOOLC_37,3,0,Invalid
iposolver,BOOLC_37,3,0,Invalid
cagen,BOOLC_37,3,0,Invalid
appts,BOOLC_37,3,0,Invalid
pmedici,UNIFORM_BOOLEAN_39,3,1,
iposolver,UNIFORM_BOOLEAN_39,3,2,
cagen,UNIFORM_BOOLEAN_39,3,3,
appts,UNIFORM_BOOLEAN_39,3,4,
pmedici,BOOLC_26,3,0,Invalid
cagen,BOOLC_26,3,1,
appts,BOOLC_26,3,2,
iposolver,BOOLC_26,3,0,Invalid
pmedici,UNIFORM_BOOLEAN_8,3,0,Invalid
iposolver,UNIFORM_BOOLEAN_8,3,0,Invalid
cagen,UNIFORM_BOOLEAN_8,3,0,Invalid
appts,UNIFORM_BOOLEAN_8,3,0,Invalid
pmedici,BOOLC_22,3,0,Invalid
cagen,BOOLC_22,3,1,
appts,BOOLC_22,3,0,Invalid
iposolver,BOOLC_22,3,0,Invalid
pmedici,MCA_39,3,1,
iposolver,MCA_39,3,2,
cagen,MCA_39,3,3,
appts,MCA_39,3,4,
pmedici,MCAC_0,3,0,Timeout
cagen,MCAC_0,3,0,Timeout
appts,MCAC_0,3,0,Timeout
iposolver,MCAC_0,3,0,Invalid
pmedici,MCAC_28,3,1,
cagen,MCAC_28,3,2,
appts,MCAC_28,3,3,
iposolver,MCAC_28,3,0,Invalid
pmedici,UNIFORM_BOOLEAN_49,3,1,
iposolver,UNIFORM_BOOLEAN_49,3,2,
cagen,UNIFORM_BOOLEAN_49,3,3,
appts,UNIFORM_BOOLEAN_49,3,4,
pmedici,MCAC_7,3,0,Invalid
cagen,MCAC_7,3,1,
appts,MCAC_7,3,2,
iposolver,MCAC_7,3,0,Invalid
pmedici,MCA_31,3,1,
iposolver,MCA_31,3,2,
cagen,MCA_31,3,3,
appts,MCA_31,3,4,
pmedici,MCAC_44,3,0,Invalid
iposolver,MCAC_44,3,0,Invalid
cagen,MCAC_44,3,0,Invalid
appts,MCAC_44,3,0,Invalid
pmedici,BOOLC_31,4,0,Invalid
cagen,BOOLC_31,4,1,
appts,BOOLC_31,4,2,
iposolver,BOOLC_31,4,0,Invalid
pmedici,UNIFORM_BOOLEAN_5,4,1,
iposolver,UNIFORM_BOOLEAN_5,4,2,
cagen,UNIFORM_BOOLEAN_5,4,3,
appts,UNIFORM_BOOLEAN_5,4,4,
cagen,UNIFORM_ALL_18,4,1,
appts,UNIFORM_ALL_18,4,2,
pmedici,UNIFORM_ALL_18,4,0,Timeout
iposolver,UNIFORM_ALL_18,4,0,Timeout
pmedici,UNIFORM_BOOLEAN_2,4,1,
iposolver,UNIFORM_BOOLEAN_2,4,2,
cagen,UNIFORM_BOOLEAN_2,4,3,
appts,UNIFORM_BOOLEAN_2,4,4,
pmedici,UNIFORM_BOOLEAN_43,4,1,
iposolver,UNIFORM_BOOLEAN_43,4,2,
cagen,UNIFORM_BOOLEAN_43,4,3,
appts,UNIFORM_BOOLEAN_43,4,4,
pmedici,MCAC_39,4,1,
cagen,MCAC_39,4,2,
appts,MCAC_39,4,3,
iposolver,MCAC_39,4,0,Invalid
pmedici,UNIFORM_BOOLEAN_16,4,1,
cagen,UNIFORM_BOOLEAN_16,4,2,
iposolver,UNIFORM_BOOLEAN_16,4,3,
appts,UNIFORM_BOOLEAN_16,4,4,
pmedici,UNIFORM_BOOLEAN_12,4,1,
iposolver,UNIFORM_BOOLEAN_12,4,2,
cagen,UNIFORM_BOOLEAN_12,4,3,
appts,UNIFORM_BOOLEAN_12,4,4,
iposolver,MCA_32,4,1,
cagen,MCA_32,4,2,
appts,MCA_32,4,3,
pmedici,MCA_32,4,0,Timeout
pmedici,UNIFORM_BOOLEAN_47,4,1,
iposolver,UNIFORM_BOOLEAN_47,4,2,
cagen,UNIFORM_BOOLEAN_47,4,3,
appts,UNIFORM_BOOLEAN_47,4,4,
pmedici,BOOLC_35,4,0,Invalid
cagen,BOOLC_35,4,1,
appts,BOOLC_35,4,2,
iposolver,BOOLC_35,4,0,Invalid
pmedici,UNIFORM_ALL_31,4,1,
iposolver,UNIFORM_ALL_31,4,2,
cagen,UNIFORM_ALL_31,4,3,
appts,UNIFORM_ALL_31,4,4,
pmedici,UNIFORM_ALL_48,4,1,
iposolver,UNIFORM_ALL_48,4,2,
cagen,UNIFORM_ALL_48,4,3,
appts,UNIFORM_ALL_48,4,4,
pmedici,MCAC_19,4,1,
cagen,MCAC_19,4,2,
appts,MCAC_19,4,3,
iposolver,MCAC_19,4,0,Invalid
cagen,MCA_43,4,1,
appts,MCA_43,4,2,
pmedici,MCA_43,4,0,Timeout
iposolver,MCA_43,4,0,Timeout
cagen,MCAC_14,4,1,
appts,MCAC_14,4,0,Invalid
pmedici,MCAC_14,4,0,Timeout
iposolver,MCAC_14,4,0,Invalid
pmedici,UNIFORM_BOOLEAN_33,4,1,
iposolver,UNIFORM_BOOLEAN_33,4,2,
cagen,UNIFORM_BOOLEAN_33,4,3,
appts,UNIFORM_BOOLEAN_33,4,4,
pmedici,MCAC_41,4,0,Timeout
cagen,MCAC_41,4,0,Timeout
appts,MCAC_41,4,0,Timeout
iposolver,MCAC_41,4,0,Invalid
cagen,MCAC_6,4,0,Timeout
appts,MCAC_6,4,0,Timeout
pmedici,MCAC_6,4,0,Invalid
iposolver,MCAC_6,4,0,Invalid
appts,MCA_21,4,1,
cagen,MCA_21,4,2,
pmedici,MCA_21,4,0,Timeout
iposolver,MCA_21,4,0,Timeout
cagen,MCA_9,4,1,
pmedici,MCA_9,4,0,Timeout
iposolver,MCA_9,4,0,Timeout
appts,MCA_9,4,0,Timeout
pmedici,BOOLC_13,4,1,
cagen,BOOLC_13,4,2,
appts,BOOLC_13,4,3,
iposolver,BOOLC_13,4,0,Invalid
cagen,BOOLC_46,4,1,
pmedici,BOOLC_46,4,0,Invalid
appts,BOOLC_46,4,2,
iposolver,BOOLC_46,4,0,Invalid
pmedici,UNIFORM_BOOLEAN_19,4,1,
iposolver,UNIFORM_BOOLEAN_19,4,2,
cagen,UNIFORM_BOOLEAN_19,4,3,
appts,UNIFORM_BOOLEAN_19,4,4,
pmedici,MCAC_34,4,0,Timeout
appts,MCAC_34,4,0,Timeout
iposolver,MCAC_34,4,0,Invalid
cagen,MCAC_34,4,0,Invalid
iposolver,UNIFORM_ALL_3,4,1,
cagen,UNIFORM_ALL_3,4,2,
appts,UNIFORM_ALL_3,4,3,
pmedici,UNIFORM_ALL_3,4,0,Timeout
pmedici,BOOLC_2,4,0,Invalid
cagen,BOOLC_2,4,1,
appts,BOOLC_2,4,2,
iposolver,BOOLC_2,4,0,Invalid
cagen,UNIFORM_ALL_49,4,1,
iposolver,UNIFORM_ALL_49,4,2,
pmedici,UNIFORM_ALL_49,4,0,Timeout
appts,UNIFORM_ALL_49,4,0,Timeout
pmedici,BOOLC_18,4,1,
cagen,BOOLC_18,4,2,
appts,BOOLC_18,4,3,
iposolver,BOOLC_18,4,0,Invalid
pmedici,UNIFORM_BOOLEAN_6,4,1,
iposolver,UNIFORM_BOOLEAN_6,4,2,
cagen,UNIFORM_BOOLEAN_6,4,3,
appts,UNIFORM_BOOLEAN_6,4,4,
pmedici,BOOLC_17,4,0,Invalid
cagen,BOOLC_17,4,1,
appts,BOOLC_17,4,0,Invalid
iposolver,BOOLC_17,4,0,Invalid
cagen,UNIFORM_ALL_43,4,1,
pmedici,UNIFORM_ALL_43,4,0,Timeout
iposolver,UNIFORM_ALL_43,4,0,Timeout
appts,UNIFORM_ALL_43,4,0,Timeout
pmedici,BOOLC_42,4,1,
cagen,BOOLC_42,4,2,
appts,BOOLC_42,4,3,
iposolver,BOOLC_42,4,0,Invalid
pmedici,UNIFORM_ALL_16,4,1,
iposolver,UNIFORM_ALL_16,4,2,
cagen,UNIFORM_ALL_16,4,3,
appts,UNIFORM_ALL_16,4,4,
pmedici,MCAC_10,4,0,Timeout
cagen,MCAC_10,4,0,Timeout
appts,MCAC_10,4,0,Timeout
iposolver,MCAC_10,4,0,Invalid
pmedici,UNIFORM_BOOLEAN_37,4,1,
iposolver,UNIFORM_BOOLEAN_37,4,2,
cagen,UNIFORM_BOOLEAN_37,4,3,
appts,UNIFORM_BOOLEAN_37,4,4,
cagen,MCAC_45,4,1,
appts,MCAC_45,4,2,
pmedici,MCAC_45,4,0,Timeout
iposolver,MCAC_45,4,0,Invalid
pmedici,BOOLC_24,4,1,
cagen,BOOLC_24,4,2,
appts,BOOLC_24,4,3,
iposolver,BOOLC_24,4,0,Invalid
appts,MCA_25,4,1,
iposolver,MCA_25,4,2,
cagen,MCA_25,4,3,
pmedici,MCA_25,4,0,Timeout
pmedici,UNIFORM_ALL_34,4,1,
cagen,UNIFORM_ALL_34,4,2,
iposolver,UNIFORM_ALL_34,4,3,
appts,UNIFORM_ALL_34,4,4,
cagen,MCA_19,4,1,
appts,MCA_19,4,2,
pmedici,MCA_19,4,0,Timeout
iposolver,MCA_19,4,0,Timeout
pmedici,UNIFORM_BOOLEAN_21,4,1,
cagen,UNIFORM_BOOLEAN_21,4,2,
iposolver,UNIFORM_BOOLEAN_21,4,3,
appts,UNIFORM_BOOLEAN_21,4,4,
pmedici,UNIFORM_BOOLEAN_30,4,1,
iposolver,UNIFORM_BOOLEAN_30,4,2,
cagen,UNIFORM_BOOLEAN_30,4,3,
appts,UNIFORM_BOOLEAN_30,4,4,
cagen,MCA_12,4,1,
appts,MCA_12,4,2,
pmedici,MCA_12,4,0,Timeout
iposolver,MCA_12,4,0,Timeout
pmedici,MCA_47,4,1,
iposolver,MCA_47,4,2,
cagen,MCA_47,4,3,
appts,MCA_47,4,4,
cagen,MCAC_48,4,1,
pmedici,MCAC_48,4,0,Timeout
appts,MCAC_48,4,0,Timeout
iposolver,MCAC_48,4,0,Invalid
cagen,UNIFORM_ALL_35,4,1,
pmedici,UNIFORM_ALL_35,4,0,Timeout
iposolver,UNIFORM_ALL_35,4,0,Timeout
appts,UNIFORM_ALL_35,4,0,Timeout
pmedici,UNIFORM_BOOLEAN_44,4,1,
iposolver,UNIFORM_BOOLEAN_44,4,2,
cagen,UNIFORM_BOOLEAN_44,4,3,
appts,UNIFORM_BOOLEAN_44,4,4,
pmedici,UNIFORM_BOOLEAN_11,4,1,
iposolver,UNIFORM_BOOLEAN_11,4,2,
cagen,UNIFORM_BOOLEAN_11,4,3,
appts,UNIFORM_BOOLEAN_11,4,4,
cagen,MCA_38,4,1,
pmedici,MCA_38,4,0,Timeout
iposolver,MCA_38,4,0,Timeout
appts,MCA_38,4,0,Timeout
pmedici,BOOLC_8,4,0,Invalid
cagen,BOOLC_8,4,1,
appts,BOOLC_8,4,2,
iposolver,BOOLC_8,4,0,Invalid
pmedici,BOOLC_36,4,0,Invalid
cagen,BOOLC_36,4,1,
appts,BOOLC_36,4,2,
iposolver,BOOLC_36,4,0,Invalid
cagen,MCA_6,4,1,
appts,MCA_6,4,2,
pmedici,MCA_6,4,0,Timeout
iposolver,MCA_6,4,0,Timeout
pmedici,UNIFORM_ALL_38,4,0,Invalid
iposolver,UNIFORM_ALL_38,4,0,Invalid
cagen,UNIFORM_ALL_38,4,0,Invalid
appts,UNIFORM_ALL_38,4,0,Invalid
iposolver,MCA_11,4,1,
cagen,MCA_11,4,2,
pmedici,MCA_11,4,0,Timeout
appts,MCA_11,4,0,Timeout
iposolver,MCA_44,4,1,
appts,MCA_44,4,2,
cagen,MCA_44,4,3,
pmedici,MCA_44,4,0,Timeout
pmedici,UNIFORM_BOOLEAN_15,4,1,
iposolver,UNIFORM_BOOLEAN_15,4,2,
cagen,UNIFORM_BOOLEAN_15,4,3,
appts,UNIFORM_BOOLEAN_15,4,4,
iposolver,UNIFORM_ALL_36,4,1,
appts,UNIFORM_ALL_36,4,2,
cagen,UNIFORM_ALL_36,4,3,
pmedici,UNIFORM_ALL_36,4,0,Timeout
appts,MCA_35,4,1,
cagen,MCA_35,4,2,
pmedici,MCA_35,4,0,Timeout
iposolver,MCA_35,4,0,Timeout
pmedici,BOOLC_32,4,0,Invalid
cagen,BOOLC_32,4,1,
appts,BOOLC_32,4,2,
iposolver,BOOLC_32,4,0,Invalid
pmedici,UNIFORM_BOOLEAN_40,4,1,
iposolver,UNIFORM_BOOLEAN_40,4,2,
cagen,UNIFORM_BOOLEAN_40,4,3,
appts,UNIFORM_BOOLEAN_40,4,4,
pmedici,BOOLC_14,4,0,Invalid
cagen,BOOLC_14,4,1,
appts,BOOLC_14,4,2,
iposolver,BOOLC_14,4,0,Invalid
pmedici,BOOLC_41,4,0,Invalid
cagen,BOOLC_41,4,1,
appts,BOOLC_41,4,2,
iposolver,BOOLC_41,4,0,Invalid
iposolver,UNIFORM_ALL_26,4,1,
cagen,UNIFORM_ALL_26,4,2,
appts,UNIFORM_ALL_26,4,3,
pmedici,UNIFORM_ALL_26,4,0,Timeout
cagen,MCAC_13,4,1,
pmedici,MCAC_13,4,0,Timeout
appts,MCAC_13,4,0,Timeout
iposolver,MCAC_13,4,0,Invalid
cagen,MCA_26,4,1,
pmedici,MCA_26,4,0,Timeout
iposolver,MCA_26,4,0,Timeout
appts,MCA_26,4,0,Timeout
cagen,MCAC_46,4,0,Timeout
appts,MCAC_46,4,0,Timeout
pmedici,MCAC_46,4,0,Invalid
iposolver,MCAC_46,4,0,Invalid
pmedici,UNIFORM_BOOLEAN_34,4,1,
iposolver,UNIFORM_BOOLEAN_34,4,2,
cagen,UNIFORM_BOOLEAN_34,4,3,
appts,UNIFORM_BOOLEAN_34,4,4,
pmedici,MCAC_1,4,1,
cagen,MCAC_1,4,2,
appts,MCAC_1,4,0,Timeout
iposolver,MCAC_1,4,0,Invalid
pmedici,BOOLC_5,4,1,
cagen,BOOLC_5,4,2,
appts,BOOLC_5,4,3,
iposolver,BOOLC_5,4,0,Invalid
cagen,UNIFORM_ALL_4,4,1,
iposolver,UNIFORM_ALL_4,4,2,
appts,UNIFORM_ALL_4,4,3,
pmedici,UNIFORM_ALL_4,4,0,Timeout
pmedici,MCA_18,4,0,Invalid
iposolver,MCA_18,4,0,Invalid
cagen,MCA_18,4,0,Invalid
appts,MCA_18,4,0,Invalid
appts,MCAC_33,4,0,Timeout
pmedici,MCAC_33,4,0,Invalid
iposolver,MCAC_33,4,0,Invalid
cagen,MCAC_33,4,0,Invalid
pmedici,UNIFORM_BOOLEAN_29,4,0,Invalid
iposolver,UNIFORM_BOOLEAN_29,4,0,Invalid
cagen,UNIFORM_BOOLEAN_29,4,0,Invalid
appts,UNIFORM_BOOLEAN_29,4,0,Invalid
pmedici,MCAC_17,4,0,Invalid
cagen,MCAC_17,4,1,
appts,MCAC_17,4,2,
iposolver,MCAC_17,4,0,Invalid
pmedici,MCA_22,4,0,Invalid
iposolver,MCA_22,4,0,Invalid
cagen,MCA_22,4,0,Invalid
appts,MCA_22,4,0,Invalid
pmedici,MCA_8,4,0,Invalid
iposolver,MCA_8,4,0,Invalid
cagen,MCA_8,4,0,Invalid
appts,MCA_8,4,0,Invalid
pmedici,MCAC_18,4,1,
cagen,MCAC_18,4,2,
appts,MCAC_18,4,3,
iposolver,MCAC_18,4,0,Invalid
pmedici,BOOLC_23,4,1,
cagen,BOOLC_23,4,2,
appts,BOOLC_23,4,3,
iposolver,BOOLC_23,4,0,Invalid
pmedici,MCAC_42,4,0,Timeout
appts,MCAC_42,4,0,Timeout
iposolver,MCAC_42,4,0,Invalid
cagen,MCAC_42,4,0,Invalid
iposolver,UNIFORM_ALL_44,4,1,
cagen,UNIFORM_ALL_44,4,2,
appts,UNIFORM_ALL_44,4,3,
pmedici,UNIFORM_ALL_44,4,0,Timeout
pmedici,BOOLC_10,4,0,Invalid
cagen,BOOLC_10,4,1,
appts,BOOLC_10,4,2,
iposolver,BOOLC_10,4,0,Invalid
iposolver,UNIFORM_ALL_11,4,1,
appts,UNIFORM_ALL_11,4,2,
cagen,UNIFORM_ALL_11,4,3,
pmedici,UNIFORM_ALL_11,4,0,Timeout
pmedici,BOOLC_45,4,0,Invalid
cagen,BOOLC_45,4,1,
appts,BOOLC_45,4,2,
iposolver,BOOLC_45,4,0,Invalid
pmedici,BOOLC_28,4,0,Invalid
cagen,BOOLC_28,4,1,
appts,BOOLC_28,4,2,
iposolver,BOOLC_28,4,0,Invalid
pmedici,UNIFORM_BOOLEAN_9,4,0,Invalid
iposolver,UNIFORM_BOOLEAN_9,4,0,Invalid
cagen,UNIFORM_BOOLEAN_9,4,0,Invalid
appts,UNIFORM_BOOLEAN_9,4,0,Invalid
cagen,UNIFORM_ALL_33,4,1,
appts,UNIFORM_ALL_33,4,2,
pmedici,UNIFORM_ALL_33,4,0,Timeout
iposolver,UNIFORM_ALL_33,4,0,Timeout
iposolver,MCA_49,4,1,
cagen,MCA_49,4,2,
pmedici,MCA_49,4,0,Timeout
appts,MCA_49,4,0,Timeout
pmedici,UNIFORM_BOOLEAN_26,4,1,
cagen,UNIFORM_BOOLEAN_26,4,2,
iposolver,UNIFORM_BOOLEAN_26,4,3,
appts,UNIFORM_BOOLEAN_26,4,4,
iposolver,UNIFORM_ALL_32,4,1,
appts,UNIFORM_ALL_32,4,2,
cagen,UNIFORM_ALL_32,4,3,
pmedici,UNIFORM_ALL_32,4,0,Timeout
cagen,MCA_15,4,1,
pmedici,MCA_15,4,0,Timeout
iposolver,MCA_15,4,0,Timeout
appts,MCA_15,4,0,Timeout
pmedici,MCA_40,4,1,
iposolver,MCA_40,4,2,
cagen,MCA_40,4,3,
appts,MCA_40,4,4,
pmedici,UNIFORM_BOOLEAN_22,4,1,
iposolver,UNIFORM_BOOLEAN_22,4,2,
cagen,UNIFORM_BOOLEAN_22,4,3,
appts,UNIFORM_BOOLEAN_22,4,4,
pmedici,UNIFORM_ALL_46,4,1,
iposolver,UNIFORM_ALL_46,4,2,
cagen,UNIFORM_ALL_46,4,3,
appts,UNIFORM_ALL_46,4,4,
pmedici,UNIFORM_ALL_13,4,1,
iposolver,UNIFORM_ALL_13,4,2,
appts,UNIFORM_ALL_13,4,3,
cagen,UNIFORM_ALL_13,4,4,
pmedici,BOOLC_4,4,0,Invalid
cagen,BOOLC_4,4,1,
appts,BOOLC_4,4,0,Invalid
iposolver,BOOLC_4,4,0,Invalid
cagen,UNIFORM_ALL_20,4,1,
pmedici,UNIFORM_ALL_20,4,0,Timeout
iposolver,UNIFORM_ALL_20,4,0,Timeout
appts,UNIFORM_ALL_20,4,0,Timeout
cagen,MCAC_9,4,1,
pmedici,MCAC_9,4,0,Timeout
appts,MCAC_9,4,0,Timeout
iposolver,MCAC_9,4,0,Invalid
pmedici,MCAC_47,4,0,Invalid
cagen,MCAC_47,4,1,
appts,MCAC_47,4,2,
iposolver,MCAC_47,4,0,Invalid
pmedici,MCAC_12,4,1,
cagen,MCAC_12,4,2,
appts,MCAC_12,4,3,
iposolver,MCAC_12,4,0,Invalid
pmedici,MCA_0,4,1,
iposolver,MCA_0,4,2,
cagen,MCA_0,4,3,
appts,MCA_0,4,4,
iposolver,UNIFORM_ALL_19,4,1,
cagen,UNIFORM_ALL_19,4,2,
appts,UNIFORM_ALL_19,4,3,
pmedici,UNIFORM_ALL_19,4,0,Timeout
pmedici,MCA_2,4,0,Invalid
iposolver,MCA_2,4,0,Invalid
cagen,MCA_2,4,0,Invalid
appts,MCA_2,4,0,Invalid
pmedici,UNIFORM_BOOLEAN_1,4,0,Invalid
iposolver,UNIFORM_BOOLEAN_1,4,0,Invalid
cagen,UNIFORM_BOOLEAN_1,4,0,Invalid
appts,UNIFORM_BOOLEAN_1,4,0,Invalid
cagen,UNIFORM_ALL_24,4,1,
pmedici,UNIFORM_ALL_24,4,0,Timeout
iposolver,UNIFORM_ALL_24,4,0,Timeout
appts,UNIFORM_ALL_24,4,0,Timeout
pmedici,BOOLC_20,4,0,Invalid
cagen,BOOLC_20,4,1,
appts,BOOLC_20,4,2,
iposolver,BOOLC_20,4,0,Invalid
pmedici,BOOLC_6,4,0,Invalid
cagen,BOOLC_6,4,1,
appts,BOOLC_6,4,0,Invalid
iposolver,BOOLC_6,4,0,Invalid
iposolver,MCA_14,4,1,
cagen,MCA_14,4,2,
appts,MCA_14,4,3,
pmedici,MCA_14,4,0,Timeout
iposolver,UNIFORM_ALL_5,4,1,
cagen,UNIFORM_ALL_5,4,2,
appts,UNIFORM_ALL_5,4,3,
pmedici,UNIFORM_ALL_5,4,0,Timeout
cagen,MCA_41,4,1,
appts,MCA_41,4,2,
pmedici,MCA_41,4,0,Timeout
iposolver,MCA_41,4,0,Timeout
pmedici,BOOLC_49,4,0,Invalid
iposolver,BOOLC_49,4,0,Invalid
cagen,BOOLC_49,4,0,Invalid
appts,BOOLC_49,4,0,Invalid
pmedici,MCAC_27,4,1,
cagen,MCAC_27,4,2,
appts,MCAC_27,4,0,Timeout
iposolver,MCAC_27,4,0,Invalid
appts,MCA_4,4,1,
cagen,MCA_4,4,2,
pmedici,MCA_4,4,0,Timeout
iposolver,MCA_4,4,0,Timeout
cagen,MCA_10,4,1,
appts,MCA_10,4,2,
pmedici,MCA_10,4,0,Timeout
iposolver,MCA_10,4,0,Timeout
pmedici,MCA_45,4,1,
iposolver,MCA_45,4,2,
cagen,MCA_45,4,3,
appts,MCA_45,4,4,
pmedici,MCA_23,4,1,
iposolver,MCA_23,4,2,
cagen,MCA_23,4,3,
appts,MCA_23,4,4,
cagen,MCAC_36,4,1,
pmedici,MCAC_36,4,0,Timeout
appts,MCAC_36,4,0,Timeout
iposolver,MCAC_36,4,0,Invalid
iposolver,UNIFORM_ALL_30,4,1,
appts,UNIFORM_ALL_30,4,2,
cagen,UNIFORM_ALL_30,4,3,
pmedici,UNIFORM_ALL_30,4,0,Timeout
pmedici,UNIFORM_ALL_17,4,1,
iposolver,UNIFORM_ALL_17,4,2,
cagen,UNIFORM_ALL_17,4,3,
appts,UNIFORM_ALL_17,4,4,
pmedici,BOOLC_0,4,0,Invalid
cagen,BOOLC_0,4,1,
appts,BOOLC_0,4,2,
iposolver,BOOLC_0,4,0,Invalid
appts,MCAC_43,4,0,Timeout
pmedici,MCAC_43,4,0,Invalid
iposolver,MCAC_43,4,0,Invalid
cagen,MCAC_43,4,0,Invalid
pmedici,MCAC_16,4,0,Timeout
cagen,MCAC_16,4,0,Timeout
appts,MCAC_16,4,0,Timeout
iposolver,MCAC_16,4,0,Invalid
cagen,UNIFORM_ALL_47,4,1,
pmedici,UNIFORM_ALL_47,4,0,Timeout
iposolver,UNIFORM_ALL_47,4,0,Timeout
appts,UNIFORM_ALL_47,4,0,Timeout
pmedici,UNIFORM_BOOLEAN_48,4,1,
iposolver,UNIFORM_BOOLEAN_48,4,2,
cagen,UNIFORM_BOOLEAN_48,4,3,
appts,UNIFORM_BOOLEAN_48,4,4,
pmedici,UNIFORM_ALL_12,4,1,
iposolver,UNIFORM_ALL_12,4,2,
cagen,UNIFORM_ALL_12,4,3,
appts,UNIFORM_ALL_12,4,4,
cagen,UNIFORM_ALL_27,4,1,
iposolver,UNIFORM_ALL_27,4,2,
pmedici,UNIFORM_ALL_27,4,0,Timeout
appts,UNIFORM_ALL_27,4,0,Timeout
pmedici,UNIFORM_ALL_41,4,1,
iposolver,UNIFORM_ALL_41,4,2,
cagen,UNIFORM_ALL_41,4,3,
appts,UNIFORM_ALL_41,4,4,
pmedici,BOOLC_3,4,0,Invalid
cagen,BOOLC_3,4,1,
appts,BOOLC_3,4,0,Invalid
iposolver,BOOLC_3,4,0,Invalid
iposolver,UNIFORM_ALL_14,4,1,
appts,UNIFORM_ALL_14,4,2,
cagen,UNIFORM_ALL_14,4,3,
pmedici,UNIFORM_ALL_14,4,0,Timeout
pmedici,MCAC_40,4,1,
cagen,MCAC_40,4,2,
appts,MCAC_40,4,3,
iposolver,MCAC_40,4,0,Invalid
appts,MCAC_15,4,0,Timeout
pmedici,MCAC_15,4,0,Invalid
iposolver,MCAC_15,4,0,Invalid
cagen,MCAC_15,4,0,Invalid
pmedici,BOOLC_39,4,0,Invalid
cagen,BOOLC_39,4,1,
appts,BOOLC_39,4,2,
iposolver,BOOLC_39,4,0,Invalid
cagen,MCA_29,4,1,
pmedici,MCA_29,4,0,Timeout
iposolver,MCA_29,4,0,Timeout
appts,MCA_29,4,0,Timeout
cagen,MCA_5,4,1,
appts,MCA_5,4,2,
pmedici,MCA_5,4,0,Timeout
iposolver,MCA_5,4,0,Timeout
cagen,UNIFORM_ALL_39,4,1,
pmedici,UNIFORM_ALL_39,4,0,Timeout
iposolver,UNIFORM_ALL_39,4,0,Timeout
appts,UNIFORM_ALL_39,4,0,Timeout
iposolver,MCA_7,4,1,
cagen,MCA_7,4,2,
appts,MCA_7,4,3,
pmedici,MCA_7,4,0,Timeout
cagen,MCA_13,4,1,
pmedici,MCA_13,4,0,Timeout
iposolver,MCA_13,4,0,Timeout
appts,MCA_13,4,0,Timeout
pmedici,BOOLC_1,4,0,Invalid
cagen,BOOLC_1,4,1,
appts,BOOLC_1,4,2,
iposolver,BOOLC_1,4,0,Invalid
cagen,MCA_46,4,1,
pmedici,MCA_46,4,0,Timeout
iposolver,MCA_46,4,0,Timeout
appts,MCA_46,4,0,Timeout
cagen,UNIFORM_ALL_2,4,1,
appts,UNIFORM_ALL_2,4,2,
pmedici,UNIFORM_ALL_2,4,0,Timeout
iposolver,UNIFORM_ALL_2,4,0,Timeout
pmedici,BOOLC_27,4,0,Invalid
cagen,BOOLC_27,4,1,
appts,BOOLC_27,4,2,
iposolver,BOOLC_27,4,0,Invalid
cagen,UNIFORM_ALL_23,4,1,
pmedici,UNIFORM_ALL_23,4,0,Timeout
iposolver,UNIFORM_ALL_23,4,0,Timeout
appts,UNIFORM_ALL_23,4,0,Timeout
cagen,MCA_37,4,1,
appts,MCA_37,4,2,
pmedici,MCA_37,4,0,Timeout
iposolver,MCA_37,4,0,Timeout
cagen,MCAC_49,4,1,
pmedici,MCAC_49,4,0,Timeout
appts,MCAC_49,4,0,Timeout
iposolver,MCAC_49,4,0,Invalid
iposolver,MCA_3,4,1,
cagen,MCA_3,4,2,
appts,MCA_3,4,3,
pmedici,MCA_3,4,0,Timeout
cagen,UNIFORM_ALL_29,4,1,
pmedici,UNIFORM_ALL_29,4,0,Timeout
iposolver,UNIFORM_ALL_29,4,0,Timeout
appts,UNIFORM_ALL_29,4,0,Timeout
pmedici,MCA_1,4,0,Invalid
iposolver,MCA_1,4,0,Invalid
cagen,MCA_1,4,0,Invalid
appts,MCA_1,4,0,Invalid
pmedici,MCAC_20,4,1,
cagen,MCAC_20,4,2,
appts,MCAC_20,4,3,
iposolver,MCAC_20,4,0,Invalid
cagen,MCA_24,4,1,
pmedici,MCA_24,4,0,Timeout
iposolver,MCA_24,4,0,Timeout
appts,MCA_24,4,0,Timeout
iposolver,MCA_17,4,1,
cagen,MCA_17,4,2,
appts,MCA_17,4,3,
pmedici,MCA_17,4,0,Timeout
cagen,MCA_42,4,1,
appts,MCA_42,4,2,
pmedici,MCA_42,4,0,Timeout
iposolver,MCA_42,4,0,Timeout
cagen,UNIFORM_ALL_45,4,1,
pmedici,UNIFORM_ALL_45,4,0,Timeout
iposolver,UNIFORM_ALL_45,4,0,Timeout
appts,UNIFORM_ALL_45,4,0,Timeout
pmedici,UNIFORM_ALL_37,4,0,Invalid
iposolver,UNIFORM_ALL_37,4,0,Invalid
cagen,UNIFORM_ALL_37,4,0,Invalid
appts,UNIFORM_ALL_37,4,0,Invalid
pmedici,BOOLC_7,4,0,Invalid
cagen,BOOLC_7,4,1,
appts,BOOLC_7,4,2,
iposolver,BOOLC_7,4,0,Invalid
pmedici,UNIFORM_ALL_10,4,1,
iposolver,UNIFORM_ALL_10,4,2,
cagen,UNIFORM_ALL_10,4,3,
appts,UNIFORM_ALL_10,4,4,
appts,MCAC_31,4,0,Timeout
pmedici,MCAC_31,4,0,Invalid
iposolver,MCAC_31,4,0,Invalid
cagen,MCAC_31,4,0,Invalid
cagen,UNIFORM_ALL_40,4,1,
pmedici,UNIFORM_ALL_40,4,0,Timeout
iposolver,UNIFORM_ALL_40,4,0,Timeout
appts,UNIFORM_ALL_40,4,0,Timeout
pmedici,UNIFORM_ALL_15,4,0,Invalid
iposolver,UNIFORM_ALL_15,4,0,Invalid
cagen,UNIFORM_ALL_15,4,0,Invalid
appts,UNIFORM_ALL_15,4,0,Invalid
pmedici,MCAC_11,4,1,
cagen,MCAC_11,4,2,
appts,MCAC_11,4,0,Timeout
iposolver,MCAC_11,4,0,Invalid
pmedici,UNIFORM_BOOLEAN_25,4,0,Invalid
iposolver,UNIFORM_BOOLEAN_25,4,0,Invalid
cagen,UNIFORM_BOOLEAN_25,4,0,Invalid
appts,UNIFORM_BOOLEAN_25,4,0,Invalid
pmedici,MCA_33,4,0,Invalid
iposolver,MCA_33,4,0,Invalid
cagen,MCA_33,4,0,Invalid
appts,MCA_33,4,0,Invalid
pmedici,MCAC_26,4,0,Timeout
appts,MCAC_26,4,0,Timeout
iposolver,MCAC_26,4,0,Invalid
cagen,MCAC_26,4,0,Invalid
iposolver,MCA_20,4,1,
appts,MCA_20,4,2,
cagen,MCA_20,4,3,
pmedici,MCA_20,4,0,Timeout
iposolver,MCA_48,4,1,
cagen,MCA_48,4,2,
appts,MCA_48,4,3,
pmedici,MCA_48,4,0,Timeout
iposolver,MCA_34,4,1,
cagen,MCA_34,4,2,
appts,MCA_34,4,3,
pmedici,MCA_34,4,0,Timeout
pmedici,MCA_30,4,0,Invalid
iposolver,MCA_30,4,0,Invalid
cagen,MCA_30,4,0,Invalid
appts,MCA_30,4,0,Invalid
pmedici,UNIFORM_ALL_21,4,1,
iposolver,UNIFORM_ALL_21,4,2,
cagen,UNIFORM_ALL_21,4,3,
appts,UNIFORM_ALL_21,4,4,
pmedici,MCAC_21,4,0,Timeout
cagen,MCAC_21,4,0,Timeout
appts,MCAC_21,4,0,Timeout
iposolver,MCAC_21,4,0,Invalid
pmedici,UNIFORM_BOOLEAN_38,4,1,
iposolver,UNIFORM_BOOLEAN_38,4,2,
cagen,UNIFORM_BOOLEAN_38,4,3,
appts,UNIFORM_BOOLEAN_38,4,4,
pmedici,MCA_27,4,0,Invalid
iposolver,MCA_27,4,0,Invalid
cagen,MCA_27,4,0,Invalid
appts,MCA_27,4,0,Invalid
pmedici,MCA_16,4,0,Invalid
iposolver,MCA_16,4,0,Invalid
cagen,MCA_16,4,0,Invalid
appts,MCA_16,4,0,Invalid
appts,UNIFORM_ALL_8,4,1,
iposolver,UNIFORM_ALL_8,4,2,
cagen,UNIFORM_ALL_8,4,3,
pmedici,UNIFORM_ALL_8,4,0,Timeout
pmedici,BOOLC_9,4,0,Invalid
cagen,BOOLC_9,4,1,
appts,BOOLC_9,4,2,
iposolver,BOOLC_9,4,0,Invalid
cagen,UNIFORM_ALL_22,4,1,
pmedici,UNIFORM_ALL_22,4,0,Timeout
iposolver,UNIFORM_ALL_22,4,0,Timeout
appts,UNIFORM_ALL_22,4,0,Timeout
pmedici,MCAC_5,4,0,Timeout
cagen,MCAC_5,4,0,Timeout
appts,MCAC_5,4,0,Timeout
iposolver,MCAC_5,4,0,Invalid
cagen,MCAC_24,4,1,
appts,MCAC_24,4,2,
pmedici,MCAC_24,4,0,Timeout
iposolver,MCAC_24,4,0,Invalid
pmedici,MCAC_37,4,1,
cagen,MCAC_37,4,2,
appts,MCAC_37,4,3,
iposolver,MCAC_37,4,0,Invalid
pmedici,UNIFORM_ALL_6,4,1,
iposolver,UNIFORM_ALL_6,4,2,
cagen,UNIFORM_ALL_6,4,3,
appts,UNIFORM_ALL_6,4,4,
cagen,MCAC_35,4,0,Timeout
appts,MCAC_35,4,0,Timeout
pmedici,MCAC_35,4,0,Invalid
iposolver,MCAC_35,4,0,Invalid
pmedici,MCAC_29,4,0,Timeout
appts,MCAC_29,4,0,Timeout
iposolver,MCAC_29,4,0,Invalid
cagen,MCAC_29,4,0,Invalid
iposolver,UNIFORM_ALL_9,4,1,
cagen,UNIFORM_ALL_9,4,2,
appts,UNIFORM_ALL_9,4,3,
pmedici,UNIFORM_ALL_9,4,0,Timeout
cagen,UNIFORM_ALL_28,4,1,
appts,UNIFORM_ALL_28,4,2,
pmedici,UNIFORM_ALL_28,4,0,Timeout
iposolver,UNIFORM_ALL_28,4,0,Timeout
pmedici,MCAC_23,4,1,
cagen,MCAC_23,4,2,
appts,MCAC_23,4,0,Timeout
iposolver,MCAC_23,4,0,Invalid
pmedici,UNIFORM_ALL_25,4,1,
iposolver,UNIFORM_ALL_25,4,2,
cagen,UNIFORM_ALL_25,4,3,
appts,UNIFORM_ALL_25,4,4,
cagen,MCAC_2,4,1,
appts,MCAC_2,4,2,
pmedici,MCAC_2,4,0,Timeout
iposolver,MCAC_2,4,0,Invalid
iposolver,MCA_28,4,1,
cagen,MCA_28,4,2,
appts,MCA_28,4,3,
pmedici,MCA_28,4,0,Timeout
cagen,MCAC_30,4,1,
pmedici,MCAC_30,4,0,Timeout
appts,MCAC_30,4,0,Timeout
iposolver,MCAC_30,4,0,Invalid
pmedici,MCAC_32,4,0,Timeout
appts,MCAC_32,4,0,Timeout
iposolver,MCAC_32,4,0,Invalid
cagen,MCAC_32,4,0,Invalid
cagen,UNIFORM_ALL_1,4,1,
pmedici,UNIFORM_ALL_1,4,0,Timeout
iposolver,UNIFORM_ALL_1,4,0,Timeout
appts,UNIFORM_ALL_1,4,0,Timeout
appts,MCA_36,4,1,
iposolver,MCA_36,4,2,
cagen,MCA_36,4,3,
pmedici,MCA_36,4,0,Timeout
cagen,UNIFORM_BOOLEAN_18,4,1,
pmedici,UNIFORM_BOOLEAN_18,4,2,
iposolver,UNIFORM_BOOLEAN_18,4,3,
appts,UNIFORM_BOOLEAN_18,4,4,
cagen,MCAC_8,4,0,Timeout
appts,MCAC_8,4,0,Timeout
pmedici,MCAC_8,4,0,Invalid
iposolver,MCAC_8,4,0,Invalid
pmedici,UNIFORM_ALL_42,4,0,Invalid
iposolver,UNIFORM_ALL_42,4,0,Invalid
cagen,UNIFORM_ALL_42,4,0,Invalid
appts,UNIFORM_ALL_42,4,0,Invalid
pmedici,UNIFORM_BOOLEAN_41,4,1,
cagen,UNIFORM_BOOLEAN_41,4,2,
iposolver,UNIFORM_BOOLEAN_41,4,3,
appts,UNIFORM_BOOLEAN_41,4,4,
pmedici,UNIFORM_BOOLEAN_14,4,1,
iposolver,UNIFORM_BOOLEAN_14,4,2,
cagen,UNIFORM_BOOLEAN_14,4,3,
appts,UNIFORM_BOOLEAN_14,4,4,
pmedici,BOOLC_34,4,0,Invalid
cagen,BOOLC_34,4,1,
appts,BOOLC_34,4,0,Invalid
iposolver,BOOLC_34,4,0,Invalid
pmedici,BOOLC_47,4,0,Invalid
appts,BOOLC_47,4,0,Invalid
iposolver,BOOLC_47,4,0,Invalid
cagen,BOOLC_47,4,0,Invalid
pmedici,UNIFORM_BOOLEAN_35,4,1,
iposolver,UNIFORM_BOOLEAN_35,4,2,
cagen,UNIFORM_BOOLEAN_35,4,3,
appts,UNIFORM_BOOLEAN_35,4,4,
pmedici,BOOLC_12,4,1,
cagen,BOOLC_12,4,2,
appts,BOOLC_12,4,3,
iposolver,BOOLC_12,4,0,Invalid
pmedici,MCAC_3,4,1,
cagen,MCAC_3,4,2,
appts,MCAC_3,4,3,
iposolver,MCAC_3,4,0,Invalid
pmedici,UNIFORM_BOOLEAN_0,4,1,
iposolver,UNIFORM_BOOLEAN_0,4,2,
cagen,UNIFORM_BOOLEAN_0,4,3,
appts,UNIFORM_BOOLEAN_0,4,4,
pmedici,BOOLC_19,4,0,Invalid
cagen,BOOLC_19,4,1,
appts,BOOLC_19,4,0,Invalid
iposolver,BOOLC_19,4,0,Invalid
pmedici,BOOLC_16,4,1,
cagen,BOOLC_16,4,2,
appts,BOOLC_16,4,3,
iposolver,BOOLC_16,4,0,Invalid
pmedici,MCAC_22,4,0,Timeout
appts,MCAC_22,4,0,Timeout
iposolver,MCAC_22,4,0,Invalid
cagen,MCAC_22,4,0,Invalid
pmedici,UNIFORM_BOOLEAN_46,4,1,
iposolver,UNIFORM_BOOLEAN_46,4,2,
cagen,UNIFORM_BOOLEAN_46,4,3,
appts,UNIFORM_BOOLEAN_46,4,4,
pmedici,BOOLC_43,4,0,Invalid
appts,BOOLC_43,4,0,Invalid
iposolver,BOOLC_43,4,0,Invalid
cagen,BOOLC_43,4,0,Invalid
pmedici,UNIFORM_BOOLEAN_13,4,1,
iposolver,UNIFORM_BOOLEAN_13,4,2,
cagen,UNIFORM_BOOLEAN_13,4,3,
appts,UNIFORM_BOOLEAN_13,4,4,
pmedici,UNIFORM_BOOLEAN_20,4,1,
iposolver,UNIFORM_BOOLEAN_20,4,2,
cagen,UNIFORM_BOOLEAN_20,4,3,
appts,UNIFORM_BOOLEAN_20,4,4,
pmedici,UNIFORM_BOOLEAN_4,4,1,
iposolver,UNIFORM_BOOLEAN_4,4,2,
cagen,UNIFORM_BOOLEAN_4,4,3,
appts,UNIFORM_BOOLEAN_4,4,4,
pmedici,UNIFORM_BOOLEAN_31,4,1,
cagen,UNIFORM_BOOLEAN_31,4,2,
iposolver,UNIFORM_BOOLEAN_31,4,3,
appts,UNIFORM_BOOLEAN_31,4,4,
cagen,UNIFORM_ALL_0,4,1,
appts,UNIFORM_ALL_0,4,2,
pmedici,UNIFORM_ALL_0,4,0,Timeout
iposolver,UNIFORM_ALL_0,4,0,Timeout
pmedici,UNIFORM_BOOLEAN_24,4,1,
iposolver,UNIFORM_BOOLEAN_24,4,2,
cagen,UNIFORM_BOOLEAN_24,4,3,
appts,UNIFORM_BOOLEAN_24,4,4,
pmedici,BOOLC_30,4,0,Invalid
appts,BOOLC_30,4,0,Invalid
iposolver,BOOLC_30,4,0,Invalid
cagen,BOOLC_30,4,0,Invalid
pmedici,UNIFORM_BOOLEAN_45,4,1,
iposolver,UNIFORM_BOOLEAN_45,4,2,
cagen,UNIFORM_BOOLEAN_45,4,3,
appts,UNIFORM_BOOLEAN_45,4,4,
pmedici,UNIFORM_BOOLEAN_10,4,1,
iposolver,UNIFORM_BOOLEAN_10,4,2,
cagen,UNIFORM_BOOLEAN_10,4,3,
appts,UNIFORM_BOOLEAN_10,4,4,
pmedici,BOOLC_33,4,0,Invalid
cagen,BOOLC_33,4,1,
appts,BOOLC_33,4,0,Invalid
iposolver,BOOLC_33,4,0,Invalid
pmedici,UNIFORM_BOOLEAN_28,4,1,
iposolver,UNIFORM_BOOLEAN_28,4,2,
cagen,UNIFORM_BOOLEAN_28,4,3,
appts,UNIFORM_BOOLEAN_28,4,4,
cagen,MCAC_4,4,1,
pmedici,MCAC_4,4,0,Timeout
appts,MCAC_4,4,0,Timeout
iposolver,MCAC_4,4,0,Invalid
iposolver,UNIFORM_BOOLEAN_7,4,1,
pmedici,UNIFORM_BOOLEAN_7,4,2,
cagen,UNIFORM_BOOLEAN_7,4,3,
appts,UNIFORM_BOOLEAN_7,4,4,
pmedici,UNIFORM_BOOLEAN_32,4,0,Invalid
iposolver,UNIFORM_BOOLEAN_32,4,0,Invalid
cagen,UNIFORM_BOOLEAN_32,4,0,Invalid
appts,UNIFORM_BOOLEAN_32,4,0,Invalid
pmedici,BOOLC_40,4,0,Invalid
cagen,BOOLC_40,4,1,
appts,BOOLC_40,4,0,Invalid
iposolver,BOOLC_40,4,0,Invalid
pmedici,BOOLC_15,4,0,Invalid
cagen,BOOLC_15,4,1,
appts,BOOLC_15,4,2,
iposolver,BOOLC_15,4,0,Invalid
pmedici,UNIFORM_BOOLEAN_27,4,1,
iposolver,UNIFORM_BOOLEAN_27,4,2,
cagen,UNIFORM_BOOLEAN_27,4,3,
appts,UNIFORM_BOOLEAN_27,4,4,
appts,MCAC_25,4,0,Timeout
pmedici,MCAC_25,4,0,Invalid
iposolver,MCAC_25,4,0,Invalid
cagen,MCAC_25,4,0,Invalid
pmedici,BOOLC_11,4,0,Invalid
cagen,BOOLC_11,4,1,
appts,BOOLC_11,4,2,
iposolver,BOOLC_11,4,0,Invalid
pmedici,BOOLC_44,4,0,Invalid
cagen,BOOLC_44,4,1,
appts,BOOLC_44,4,0,Invalid
iposolver,BOOLC_44,4,0,Invalid
pmedici,UNIFORM_ALL_7,4,1,
cagen,UNIFORM_ALL_7,4,2,
iposolver,UNIFORM_ALL_7,4,3,
appts,UNIFORM_ALL_7,4,4,
pmedici,UNIFORM_BOOLEAN_36,4,1,
iposolver,UNIFORM_BOOLEAN_36,4,2,
cagen,UNIFORM_BOOLEAN_36,4,3,
appts,UNIFORM_BOOLEAN_36,4,4,
pmedici,UNIFORM_BOOLEAN_3,4,1,
iposolver,UNIFORM_BOOLEAN_3,4,2,
cagen,UNIFORM_BOOLEAN_3,4,3,
appts,UNIFORM_BOOLEAN_3,4,4,
pmedici,UNIFORM_BOOLEAN_23,4,1,
iposolver,UNIFORM_BOOLEAN_23,4,2,
cagen,UNIFORM_BOOLEAN_23,4,3,
appts,UNIFORM_BOOLEAN_23,4,4,
pmedici,BOOLC_29,4,0,Invalid
cagen,BOOLC_29,4,1,
appts,BOOLC_29,4,2,
iposolver,BOOLC_29,4,0,Invalid
pmedici,UNIFORM_BOOLEAN_42,4,1,
iposolver,UNIFORM_BOOLEAN_42,4,2,
cagen,UNIFORM_BOOLEAN_42,4,3,
appts,UNIFORM_BOOLEAN_42,4,4,
pmedici,UNIFORM_BOOLEAN_17,4,0,Invalid
iposolver,UNIFORM_BOOLEAN_17,4,0,Invalid
cagen,UNIFORM_BOOLEAN_17,4,0,Invalid
appts,UNIFORM_BOOLEAN_17,4,0,Invalid
pmedici,MCAC_38,4,0,Timeout
appts,MCAC_38,4,0,Timeout
iposolver,MCAC_38,4,0,Invalid
cagen,MCAC_38,4,0,Invalid
pmedici,BOOLC_21,4,0,Invalid
cagen,BOOLC_21,4,1,
appts,BOOLC_21,4,2,
iposolver,BOOLC_21,4,0,Invalid
pmedici,BOOLC_48,4,0,Invalid
cagen,BOOLC_48,4,1,
appts,BOOLC_48,4,2,
iposolver,BOOLC_48,4,0,Invalid
pmedici,BOOLC_25,4,0,Invalid
cagen,BOOLC_25,4,1,
appts,BOOLC_25,4,2,
iposolver,BOOLC_25,4,0,Invalid
pmedici,BOOLC_38,4,0,Invalid
cagen,BOOLC_38,4,1,
appts,BOOLC_38,4,2,
iposolver,BOOLC_38,4,0,Invalid
pmedici,BOOLC_37,4,0,Invalid
iposolver,BOOLC_37,4,0,Invalid
cagen,BOOLC_37,4,0,Invalid
appts,BOOLC_37,4,0,Invalid
pmedici,UNIFORM_BOOLEAN_39,4,1,
iposolver,UNIFORM_BOOLEAN_39,4,2,
cagen,UNIFORM_BOOLEAN_39,4,3,
appts,UNIFORM_BOOLEAN_39,4,4,
pmedici,BOOLC_26,4,0,Invalid
cagen,BOOLC_26,4,1,
appts,BOOLC_26,4,2,
iposolver,BOOLC_26,4,0,Invalid
pmedici,UNIFORM_BOOLEAN_8,4,0,Invalid
iposolver,UNIFORM_BOOLEAN_8,4,0,Invalid
cagen,UNIFORM_BOOLEAN_8,4,0,Invalid
appts,UNIFORM_BOOLEAN_8,4,0,Invalid
pmedici,BOOLC_22,4,0,Invalid
cagen,BOOLC_22,4,1,
appts,BOOLC_22,4,0,Invalid
iposolver,BOOLC_22,4,0,Invalid
pmedici,MCA_39,4,1,
iposolver,MCA_39,4,2,
cagen,MCA_39,4,3,
appts,MCA_39,4,4,
pmedici,MCAC_0,4,0,Timeout
appts,MCAC_0,4,0,Timeout
iposolver,MCAC_0,4,0,Invalid
cagen,MCAC_0,4,0,Invalid
pmedici,MCAC_28,4,0,Invalid
iposolver,MCAC_28,4,0,Invalid
cagen,MCAC_28,4,0,Invalid
appts,MCAC_28,4,0,Invalid
pmedici,UNIFORM_BOOLEAN_49,4,1,
iposolver,UNIFORM_BOOLEAN_49,4,2,
cagen,UNIFORM_BOOLEAN_49,4,3,
appts,UNIFORM_BOOLEAN_49,4,4,
pmedici,MCAC_7,4,0,Invalid
appts,MCAC_7,4,1,
cagen,MCAC_7,4,2,
iposolver,MCAC_7,4,0,Invalid
pmedici,MCA_31,4,0,Invalid
iposolver,MCA_31,4,0,Invalid
cagen,MCA_31,4,0,Invalid
appts,MCA_31,4,0,Invalid
pmedici,MCAC_44,4,0,Invalid
iposolver,MCAC_44,4,0,Invalid
cagen,MCAC_44,4,0,Invalid
appts,MCAC_44,4,0,Invalid
